,institution,system,human_cause,machine_cause,human_machine,error_rate,error_system,feature
0,10592,1,1,3.0,4,1.0,1.0,Yes 
1,10602,1,2,3.0,4,1.0,1.0,0
2,10612,1,2,3.0,3,1.0,1.0,0
3,10597,1,2,1.0,1,2.0,1.0,1
4,10597,2,2,2.0,4,2.0,1.0,0
5,10597,1,1,1.0,2,1.0,1.0,1
6,10597,1,1,1.0,4,1.0,2.0,1
7,10602,1,2,1.0,1,2.0,1.0,1
8,10592,1,1,3.0,2,2.0,2.0,1
9,10592,1,1,3.0,3,1.0,2.0,1
10,10612,1,2,2.0,1,1.0,1.0,0
11,10612,2,1,1.0,1,2.0,1.0,1
12,10592,1,2,4.0,"System complexity (hard for front-office secretaries & admins to understand & maneuver), Lack of robustness (inability to handle & process big data instantaneously), Outdated Information Management systems.",1.0,1.0,1
13,10607,1,2,,,,1.0,1
14,10617,1,2,,,,1.0,1
15,10622,2,2,,,,2.0,1
16,10627,2,2,,,,2.0,1
17,10592,1,1,3.0,2,2.0,2.0,1
18,10592,1,1,3.0,3,1.0,2.0,1
19,10592,1,1,3.0,2,2.0,2.0,1
20,10592,1,1,3.0,3,1.0,2.0,1
21,10592,1,1,3.0,2,2.0,2.0,1
22,10592,1,1,3.0,3,1.0,2.0,1
23,10612,1,2,2.0,1,1.0,1.0,0
24,10592,1,1,3.0,4,1.0,1.0,1
25,10597,1,2,1.0,1,2.0,1.0,1
26,10592,1,1,3.0,2,2.0,2.0,1
27,10592,1,1,3.0,3,1.0,2.0,1
28,10617,1,2,,,,1.0,1
29,10602,1,2,1.0,1,2.0,1.0,1
30,10602,1,2,1.0,1,2.0,1.0,1
31,10622,2,2,,,,2.0,1
32,10617,1,2,,,,1.0,1
33,10622,2,2,,,,2.0,1
34,10602,1,2,1.0,1,2.0,1.0,1
35,10617,1,2,,,,1.0,1
36,10592,1,1,3.0,2,2.0,2.0,1
37,10607,1,2,,,,1.0,1
38,10592,1,1,3.0,3,1.0,2.0,1
39,10627,2,2,,,,2.0,1
40,10617,1,2,,,,1.0,1
41,10592,1,1,3.0,3,1.0,2.0,1
42,10592,1,1,3.0,3,1.0,2.0,1
43,10612,1,2,2.0,1,1.0,1.0,0
44,10597,1,2,1.0,1,2.0,1.0,1
45,10592,1,1,3.0,3,1.0,2.0,1
46,10622,2,2,,,,2.0,1
47,10622,2,2,,,,2.0,1
48,10607,1,2,,,,1.0,1
49,10592,1,1,3.0,3,1.0,2.0,1
50,10622,2,2,,,,2.0,1
51,10597,1,2,1.0,1,2.0,1.0,1
52,10617,1,2,,,,1.0,1
53,10602,1,2,1.0,1,2.0,1.0,1
54,10617,1,2,,,,1.0,1
55,10622,2,2,,,,2.0,1
56,10592,1,1,3.0,2,2.0,2.0,1
57,10607,1,2,,,,1.0,1
58,10627,2,2,,,,2.0,1
59,10627,2,2,,,,2.0,1
60,10592,1,1,3.0,4,1.0,1.0,1
61,10627,2,2,,,,2.0,1
62,10612,1,2,2.0,1,1.0,1.0,0
63,10592,1,1,3.0,4,1.0,1.0,1
64,10592,1,1,3.0,4,1.0,1.0,1
65,10617,1,2,,,,1.0,1
66,10602,1,2,1.0,1,2.0,1.0,1
67,10627,2,2,,,,2.0,1
68,10592,1,1,3.0,2,2.0,2.0,1
69,10607,1,2,,,,1.0,1
70,10592,1,1,3.0,2,2.0,2.0,1
71,10607,1,2,,,,1.0,1
72,10607,1,2,,,,1.0,1
73,10612,1,2,2.0,1,1.0,1.0,0
74,10592,1,1,3.0,2,2.0,2.0,1
75,10627,2,2,,,,2.0,1
76,10612,1,2,2.0,1,1.0,1.0,0
77,10612,1,2,2.0,1,1.0,1.0,0
78,10602,1,2,1.0,1,2.0,1.0,1
79,10617,1,2,,,,1.0,1
80,10602,1,2,1.0,1,2.0,1.0,1
81,10612,1,2,2.0,1,1.0,1.0,0
82,10627,2,2,,,,2.0,1
83,10612,1,2,2.0,1,1.0,1.0,0
84,10617,1,2,,,,1.0,1
85,10602,1,2,1.0,1,2.0,1.0,1
86,10602,1,2,1.0,1,2.0,1.0,1
87,10612,1,2,2.0,1,1.0,1.0,0
88,10597,1,2,1.0,1,2.0,1.0,1
89,10597,1,2,1.0,1,2.0,1.0,1
90,10607,1,2,,,,1.0,1
91,10597,1,2,1.0,1,2.0,1.0,1
92,10607,1,2,,,,1.0,1
93,10597,1,2,1.0,1,2.0,1.0,1
94,10607,1,2,,,,1.0,1
95,10602,1,2,1.0,1,2.0,1.0,1
96,10607,1,2,,,,1.0,1
97,10627,2,2,,,,2.0,1
98,10612,1,2,2.0,1,1.0,1.0,0
99,10607,1,2,,,,1.0,1
100,10622,2,2,,,,2.0,1
101,10592,1,1,3.0,2,2.0,2.0,1
102,10617,1,2,,,,1.0,1
103,10612,1,2,2.0,1,1.0,1.0,0
104,10617,1,2,,,,1.0,1
105,10617,1,2,,,,1.0,1
106,10627,2,2,,,,2.0,1
107,10597,1,2,1.0,1,2.0,1.0,1
108,10612,1,2,2.0,1,1.0,1.0,0
109,10602,1,2,1.0,1,2.0,1.0,1
110,10607,1,2,,,,1.0,1
111,10617,1,2,,,,1.0,1
112,10617,1,2,,,,1.0,1
113,10622,2,2,,,,2.0,1
114,10592,1,1,3.0,2,2.0,2.0,1
115,10612,1,2,2.0,1,1.0,1.0,0
116,10612,1,2,2.0,1,1.0,1.0,0
117,10602,1,2,1.0,1,2.0,1.0,1
118,10617,1,2,,,,1.0,1
119,10627,2,2,,,,2.0,1
120,10597,1,2,1.0,1,2.0,1.0,1
121,10597,1,2,1.0,1,2.0,1.0,1
122,10597,1,2,1.0,1,2.0,1.0,1
123,10597,1,2,1.0,1,2.0,1.0,1
124,10597,1,2,1.0,1,2.0,1.0,1
125,10617,1,2,,,,1.0,1
126,10612,1,2,2.0,1,1.0,1.0,0
127,10597,1,2,1.0,1,2.0,1.0,1
128,10592,1,1,3.0,2,2.0,2.0,1
129,10607,1,2,,,,1.0,1
130,10627,2,2,,,,2.0,1
131,10627,2,2,,,,2.0,1
132,10627,2,2,,,,2.0,1
133,10592,1,1,3.0,2,2.0,2.0,1
134,10597,1,2,1.0,1,2.0,1.0,1
135,10597,1,2,1.0,1,2.0,1.0,1
136,10592,1,1,3.0,2,2.0,2.0,1
137,10612,1,2,2.0,1,1.0,1.0,0
138,10612,1,2,2.0,1,1.0,1.0,0
139,10597,1,2,1.0,1,2.0,1.0,1
140,10607,1,2,,,,1.0,1
141,10607,1,2,,,,1.0,1
142,10597,1,2,1.0,1,2.0,1.0,1
143,10627,2,2,,,,2.0,1
144,10597,1,2,1.0,1,2.0,1.0,1
145,10597,1,2,1.0,1,2.0,1.0,1
146,10612,1,2,2.0,1,1.0,1.0,0
147,10622,2,2,,,,2.0,1
148,10622,2,2,,,,2.0,1
149,10622,2,2,,,,2.0,1
150,10622,2,2,,,,2.0,1
151,10622,2,2,,,,2.0,1
152,10622,2,2,,,,2.0,1
153,10622,2,2,,,,2.0,1
154,10622,2,2,,,,2.0,1
155,10622,2,2,,,,2.0,1
156,10627,2,2,,,,2.0,1
157,10627,2,2,,,,2.0,1
158,10612,1,2,2.0,1,1.0,1.0,0
159,10592,1,1,3.0,2,2.0,2.0,1
160,10592,1,1,3.0,2,2.0,2.0,1
161,10592,1,1,3.0,2,2.0,2.0,1
162,10597,1,2,1.0,1,2.0,1.0,1
163,10627,2,2,,,,2.0,1
164,10622,2,2,,,,2.0,1
165,10607,1,2,,,,1.0,1
166,10597,1,2,1.0,1,2.0,1.0,1
167,10617,1,2,,,,1.0,1
168,10617,1,2,,,,1.0,1
169,10617,1,2,,,,1.0,1
170,10597,1,2,1.0,1,2.0,1.0,1
171,10592,1,1,3.0,4,1.0,1.0,1
172,10602,1,2,3.0,4,1.0,1.0,0
173,10612,1,2,3.0,3,1.0,1.0,0
174,10597,1,2,1.0,1,2.0,1.0,1
175,10597,2,2,2.0,4,2.0,1.0,0
176,10597,1,1,1.0,2,1.0,1.0,1
177,10597,1,1,1.0,4,1.0,2.0,1
178,10602,1,2,1.0,1,2.0,1.0,1
179,10592,1,1,3.0,2,2.0,2.0,1
180,10592,1,1,3.0,3,1.0,2.0,1
181,10612,1,2,2.0,1,1.0,1.0,0
182,10612,2,1,1.0,1,2.0,1.0,1
183,10592,1,2,4.0,"System complexity (hard for front-office secretaries & admins to understand & maneuver), Lack of robustness (inability to handle & process big data instantaneously), Outdated Information Management systems.",1.0,1.0, Yes
184,10607,1,2,,,,1.0,1
185,10617,1,2,,,,1.0,1
186,10622,2,2,,,,2.0,1
187,10627,2,2,,,,2.0,1
188,10592,1,1,3.0,2,2.0,2.0,1
189,10592,1,1,3.0,3,1.0,2.0,1
190,10592,1,1,3.0,2,2.0,2.0,1
191,10592,1,1,3.0,3,1.0,2.0,1
192,10592,1,1,3.0,2,2.0,2.0,1
193,10592,1,1,3.0,3,1.0,2.0,1
194,10612,1,2,2.0,1,1.0,1.0,0
195,10592,1,1,3.0,4,1.0,1.0,1
196,10597,1,2,1.0,1,2.0,1.0,1
197,10592,1,1,3.0,2,2.0,2.0,1
198,10592,1,1,3.0,3,1.0,2.0,1
199,10617,1,2,,,,1.0,1
200,10602,1,2,1.0,1,2.0,1.0,1
201,10602,1,2,1.0,1,2.0,1.0,1
202,10622,2,2,,,,2.0,1
203,10617,1,2,,,,1.0,1
204,10622,2,2,,,,2.0,1
205,10602,1,2,1.0,1,2.0,1.0,1
206,10617,1,2,,,,1.0,1
207,10592,1,1,3.0,2,2.0,2.0,1
208,10607,1,2,,,,1.0,1
209,10592,1,1,3.0,3,1.0,2.0,1
210,10627,2,2,,,,2.0,1
211,10617,1,2,,,,1.0,1
212,10592,1,1,3.0,3,1.0,2.0,1
213,10592,1,1,3.0,3,1.0,2.0,1
214,10612,1,2,2.0,1,1.0,1.0,0
215,10597,1,2,1.0,1,2.0,1.0,1
216,10592,1,1,3.0,3,1.0,2.0,1
217,10622,2,2,,,,2.0,1
218,10622,2,2,,,,2.0,1
219,10607,1,2,,,,1.0,1
220,10592,1,1,3.0,3,1.0,2.0,1
221,10622,2,2,,,,2.0,1
222,10597,1,2,1.0,1,2.0,1.0,1
223,10617,1,2,,,,1.0,1
224,10602,1,2,1.0,1,2.0,1.0,1
225,10617,1,2,,,,1.0,1
226,10622,2,2,,,,2.0,1
227,10592,1,1,3.0,2,2.0,2.0,1
228,10607,1,2,,,,1.0,1
229,10627,2,2,,,,2.0,1
230,10627,2,2,,,,2.0,1
231,10592,1,1,3.0,4,1.0,1.0,1
232,10627,2,2,,,,2.0,1
233,10612,1,2,2.0,1,1.0,1.0,0
234,10592,1,1,3.0,4,1.0,1.0,1
235,10592,1,1,3.0,4,1.0,1.0,1
236,10617,1,2,,,,1.0,1
237,10602,1,2,1.0,1,2.0,1.0,1
238,10627,2,2,,,,2.0,1
239,10592,1,1,3.0,2,2.0,2.0,1
240,10607,1,2,,,,1.0,1
241,10592,1,1,3.0,2,2.0,2.0,1
242,10607,1,2,,,,1.0,1
243,10607,1,2,,,,1.0,1
244,10612,1,2,2.0,1,1.0,1.0,0
245,10592,1,1,3.0,2,2.0,2.0,1
246,10627,2,2,,,,2.0,1
247,10612,1,2,2.0,1,1.0,1.0,0
248,10612,1,2,2.0,1,1.0,1.0,0
249,10602,1,2,1.0,1,2.0,1.0,1
250,10617,1,2,,,,1.0,1
251,10602,1,2,1.0,1,2.0,1.0,1
252,10612,1,2,2.0,1,1.0,1.0,0
253,10627,2,2,,,,2.0,1
254,10612,1,2,2.0,1,1.0,1.0,0
255,10617,1,2,,,,1.0,1
256,10602,1,2,1.0,1,2.0,1.0,1
257,10602,1,2,1.0,1,2.0,1.0,1
258,10612,1,2,2.0,1,1.0,1.0,0
259,10597,1,2,1.0,1,2.0,1.0,1
260,10597,1,2,1.0,1,2.0,1.0,1
261,10607,1,2,,,,1.0,1
262,10597,1,2,1.0,1,2.0,1.0,1
263,10607,1,2,,,,1.0,1
264,10597,1,2,1.0,1,2.0,1.0,1
265,10607,1,2,,,,1.0,1
266,10602,1,2,1.0,1,2.0,1.0,1
267,10607,1,2,,,,1.0,1
268,10627,2,2,,,,2.0,1
269,10612,1,2,2.0,1,1.0,1.0,0
270,10607,1,2,,,,1.0,1
271,10622,2,2,,,,2.0,1
272,10592,1,1,3.0,2,2.0,2.0,1
273,10617,1,2,,,,1.0,1
274,10612,1,2,2.0,1,1.0,1.0,0
275,10617,1,2,,,,1.0,1
276,10617,1,2,,,,1.0,1
277,10627,2,2,,,,2.0,1
278,10597,1,2,1.0,1,2.0,1.0,1
279,10612,1,2,2.0,1,1.0,1.0,0
280,10602,1,2,1.0,1,2.0,1.0,1
281,10607,1,2,,,,1.0,1
282,10617,1,2,,,,1.0,1
283,10617,1,2,,,,1.0,1
284,10622,2,2,,,,2.0,1
285,10592,1,1,3.0,2,2.0,2.0,1
286,10612,1,2,2.0,1,1.0,1.0,0
287,10612,1,2,2.0,1,1.0,1.0,0
288,10602,1,2,1.0,1,2.0,1.0,1
289,10617,1,2,,,,1.0,1
290,10627,2,2,,,,2.0,1
291,10597,1,2,1.0,1,2.0,1.0,1
292,10597,1,2,1.0,1,2.0,1.0,1
293,10597,1,2,1.0,1,2.0,1.0,1
294,10597,1,2,1.0,1,2.0,1.0,1
295,10597,1,2,1.0,1,2.0,1.0,1
296,10617,1,2,,,,1.0,1
297,10612,1,2,2.0,1,1.0,1.0,0
298,10597,1,2,1.0,1,2.0,1.0,1
299,10592,1,1,3.0,2,2.0,2.0,1
300,10607,1,2,,,,1.0,1
301,10627,2,2,,,,2.0,1
302,10627,2,2,,,,2.0,1
303,10627,2,2,,,,2.0,1
304,10592,1,1,3.0,2,2.0,2.0,1
305,10597,1,2,1.0,1,2.0,1.0,1
306,10597,1,2,1.0,1,2.0,1.0,1
307,10592,1,1,3.0,2,2.0,2.0,1
308,10612,1,2,2.0,1,1.0,1.0,0
309,10612,1,2,2.0,1,1.0,1.0,0
310,10597,1,2,1.0,1,2.0,1.0,1
311,10607,1,2,,,,1.0,1
312,10607,1,2,,,,1.0,1
313,10597,1,2,1.0,1,2.0,1.0,1
314,10627,2,2,,,,2.0,1
315,10597,1,2,1.0,1,2.0,1.0,1
316,10597,1,2,1.0,1,2.0,1.0,1
317,10612,1,2,2.0,1,1.0,1.0,0
318,10622,2,2,,,,2.0,1
319,10622,2,2,,,,2.0,1
320,10622,2,2,,,,2.0,1
321,10622,2,2,,,,2.0,1
322,10622,2,2,,,,2.0,1
323,10622,2,2,,,,2.0,1
324,10622,2,2,,,,2.0,1
325,10622,2,2,,,,2.0,1
326,10622,2,2,,,,2.0,1
327,10627,2,2,,,,2.0,1
328,10627,2,2,,,,2.0,1
329,10612,1,2,2.0,1,1.0,1.0,0
330,10592,1,1,3.0,2,2.0,2.0,1
331,10592,1,1,3.0,2,2.0,2.0,1
332,10592,1,1,3.0,2,2.0,2.0,1
333,10597,1,2,1.0,1,2.0,1.0,1
334,10627,2,2,,,,2.0,1
335,10622,2,2,,,,2.0,1
336,10607,1,2,,,,1.0,1
337,10597,1,2,1.0,1,2.0,1.0,1
338,10617,1,2,,,,1.0,1
339,10617,1,2,,,,1.0,1
340,10617,1,2,,,,1.0,1
341,10597,1,2,1.0,1,2.0,1.0,1
342,10592,1,1,3.0,4,1.0,1.0,1
343,10602,1,2,3.0,4,1.0,1.0,0
344,10612,1,2,3.0,3,1.0,1.0,0
345,10597,1,2,1.0,1,2.0,1.0,1
346,10597,2,2,2.0,4,2.0,1.0,0
347,10597,1,1,1.0,2,1.0,1.0,1
348,10597,1,1,1.0,4,1.0,2.0,1
349,10602,1,2,1.0,1,2.0,1.0,1
350,10592,1,1,3.0,2,2.0,2.0,1
351,10592,1,1,3.0,3,1.0,2.0,1
352,10612,1,2,2.0,1,1.0,1.0,0
353,10612,2,1,1.0,1,2.0,1.0,1
354,10592,1,2,4.0,"System complexity (hard for front-office secretaries & admins to understand & maneuver), Lack of robustness (inability to handle & process big data instantaneously), Outdated Information Management systems.",1.0,1.0, Yes
355,10607,1,2,,,,1.0,1
356,10617,1,2,,,,1.0,1
357,10622,2,2,,,,2.0,1
358,10627,2,2,,,,2.0,1
359,10592,1,1,3.0,2,2.0,2.0,1
360,10592,1,1,3.0,3,1.0,2.0,1
361,10592,1,1,3.0,2,2.0,2.0,1
362,10592,1,1,3.0,3,1.0,2.0,1
363,10592,1,1,3.0,2,2.0,2.0,1
364,10592,1,1,3.0,3,1.0,2.0,1
365,10612,1,2,2.0,1,1.0,1.0,0
366,10592,1,1,3.0,4,1.0,1.0,1
367,10597,1,2,1.0,1,2.0,1.0,1
368,10592,1,1,3.0,2,2.0,2.0,1
369,10592,1,1,3.0,3,1.0,2.0,1
370,10617,1,2,,,,1.0,1
371,10602,1,2,1.0,1,2.0,1.0,1
372,10602,1,2,1.0,1,2.0,1.0,1
373,10622,2,2,,,,2.0,1
374,10617,1,2,,,,1.0,1
375,10622,2,2,,,,2.0,1
376,10602,1,2,1.0,1,2.0,1.0,1
377,10617,1,2,,,,1.0,1
378,10592,1,1,3.0,2,2.0,2.0,1
379,10607,1,2,,,,1.0,1
380,10592,1,1,3.0,3,1.0,2.0,1
381,10627,2,2,,,,2.0,1
382,10617,1,2,,,,1.0,1
383,10592,1,1,3.0,3,1.0,2.0,1
384,10592,1,1,3.0,3,1.0,2.0,1
385,10612,1,2,2.0,1,1.0,1.0,0
386,10597,1,2,1.0,1,2.0,1.0,1
387,10592,1,1,3.0,3,1.0,2.0,1
388,10622,2,2,,,,2.0,1
389,10622,2,2,,,,2.0,1
390,10607,1,2,,,,1.0,1
391,10592,1,1,3.0,3,1.0,2.0,1
392,10622,2,2,,,,2.0,1
393,10597,1,2,1.0,1,2.0,1.0,1
394,10617,1,2,,,,1.0,1
395,10602,1,2,1.0,1,2.0,1.0,1
396,10617,1,2,,,,1.0,1
397,10622,2,2,,,,2.0,1
398,10592,1,1,3.0,2,2.0,2.0,1
399,10607,1,2,,,,1.0,1
400,10627,2,2,,,,2.0,1
401,10627,2,2,,,,2.0,1
402,10592,1,1,3.0,4,1.0,1.0,1
403,10627,2,2,,,,2.0,1
404,10612,1,2,2.0,1,1.0,1.0,0
405,10592,1,1,3.0,4,1.0,1.0,1
406,10592,1,1,3.0,4,1.0,1.0,1
407,10617,1,2,,,,1.0,1
408,10602,1,2,1.0,1,2.0,1.0,1
409,10627,2,2,,,,2.0,1
410,10592,1,1,3.0,2,2.0,2.0,1
411,10607,1,2,,,,1.0,1
412,10592,1,1,3.0,2,2.0,2.0,1
413,10607,1,2,,,,1.0,1
414,10607,1,2,,,,1.0,1
415,10612,1,2,2.0,1,1.0,1.0,0
416,10592,1,1,3.0,2,2.0,2.0,1
417,10627,2,2,,,,2.0,1
418,10612,1,2,2.0,1,1.0,1.0,0
419,10612,1,2,2.0,1,1.0,1.0,0
420,10602,1,2,1.0,1,2.0,1.0,1
421,10617,1,2,,,,1.0,1
422,10602,1,2,1.0,1,2.0,1.0,1
423,10612,1,2,2.0,1,1.0,1.0,0
424,10627,2,2,,,,2.0,1
425,10612,1,2,2.0,1,1.0,1.0,0
426,10617,1,2,,,,1.0,1
427,10602,1,2,1.0,1,2.0,1.0,1
428,10602,1,2,1.0,1,2.0,1.0,1
429,10612,1,2,2.0,1,1.0,1.0,0
430,10597,1,2,1.0,1,2.0,1.0,1
431,10597,1,2,1.0,1,2.0,1.0,1
432,10607,1,2,,,,1.0,1
433,10597,1,2,1.0,1,2.0,1.0,1
434,10607,1,2,,,,1.0,1
435,10597,1,2,1.0,1,2.0,1.0,1
436,10607,1,2,,,,1.0,1
437,10602,1,2,1.0,1,2.0,1.0,1
438,10607,1,2,,,,1.0,1
439,10627,2,2,,,,2.0,1
440,10612,1,2,2.0,1,1.0,1.0,0
441,10607,1,2,,,,1.0,1
442,10622,2,2,,,,2.0,1
443,10592,1,1,3.0,2,2.0,2.0,1
444,10617,1,2,,,,1.0,1
445,10612,1,2,2.0,1,1.0,1.0,0
446,10617,1,2,,,,1.0,1
447,10617,1,2,,,,1.0,1
448,10627,2,2,,,,2.0,1
449,10597,1,2,1.0,1,2.0,1.0,1
450,10612,1,2,2.0,1,1.0,1.0,0
451,10602,1,2,1.0,1,2.0,1.0,1
452,10607,1,2,,,,1.0,1
453,10617,1,2,,,,1.0,1
454,10617,1,2,,,,1.0,1
455,10622,2,2,,,,2.0,1
456,10592,1,1,3.0,2,2.0,2.0,1
457,10612,1,2,2.0,1,1.0,1.0,0
458,10612,1,2,2.0,1,1.0,1.0,0
459,10602,1,2,1.0,1,2.0,1.0,1
460,10617,1,2,,,,1.0,1
461,10627,2,2,,,,2.0,1
462,10597,1,2,1.0,1,2.0,1.0,1
463,10597,1,2,1.0,1,2.0,1.0,1
464,10597,1,2,1.0,1,2.0,1.0,1
465,10597,1,2,1.0,1,2.0,1.0,1
466,10597,1,2,1.0,1,2.0,1.0,1
467,10617,1,2,,,,1.0,1
468,10612,1,2,2.0,1,1.0,1.0,0
469,10597,1,2,1.0,1,2.0,1.0,1
470,10592,1,1,3.0,2,2.0,2.0,1
471,10607,1,2,,,,1.0,1
472,10627,2,2,,,,2.0,1
473,10627,2,2,,,,2.0,1
474,10627,2,2,,,,2.0,1
475,10592,1,1,3.0,2,2.0,2.0,1
476,10597,1,2,1.0,1,2.0,1.0,1
477,10597,1,2,1.0,1,2.0,1.0,1
478,10592,1,1,3.0,2,2.0,2.0,1
479,10612,1,2,2.0,1,1.0,1.0,0
480,10612,1,2,2.0,1,1.0,1.0,0
481,10597,1,2,1.0,1,2.0,1.0,1
482,10607,1,2,,,,1.0,1
483,10607,1,2,,,,1.0,1
484,10597,1,2,1.0,1,2.0,1.0,1
485,10627,2,2,,,,2.0,1
486,10597,1,2,1.0,1,2.0,1.0,1
487,10597,1,2,1.0,1,2.0,1.0,1
488,10612,1,2,2.0,1,1.0,1.0,0
489,10622,2,2,,,,2.0,1
490,10622,2,2,,,,2.0,1
491,10622,2,2,,,,2.0,1
492,10622,2,2,,,,2.0,1
493,10622,2,2,,,,2.0,1
494,10622,2,2,,,,2.0,1
495,10622,2,2,,,,2.0,1
496,10622,2,2,,,,2.0,1
497,10622,2,2,,,,2.0,1
498,10627,2,2,,,,2.0,1
499,10627,2,2,,,,2.0,1
500,10612,1,2,2.0,1,1.0,1.0,0
501,10592,1,1,3.0,2,2.0,2.0,1
502,10592,1,1,3.0,2,2.0,2.0,1
503,10592,1,1,3.0,2,2.0,2.0,1
504,10597,1,2,1.0,1,2.0,1.0,1
505,10627,2,2,,,,2.0,1
506,10622,2,2,,,,2.0,1
507,10607,1,2,,,,1.0,1
508,10597,1,2,1.0,1,2.0,1.0,1
509,10617,1,2,,,,1.0,1
510,10617,1,2,,,,1.0,1
511,10617,1,2,,,,1.0,1
512,10597,1,2,1.0,1,2.0,1.0,1
513,10592,1,1,3.0,4,1.0,1.0,1
514,10592,1,1,3.0,4,1.0,1.0,1
515,10592,1,1,3.0,4,1.0,1.0,1
516,10592,1,1,3.0,4,1.0,1.0,1
517,10592,1,1,3.0,4,1.0,1.0,1
518,10592,1,1,3.0,4,1.0,1.0,1
519,10602,1,2,3.0,4,1.0,1.0,0
520,10612,1,2,3.0,3,1.0,1.0,0
521,10597,1,2,1.0,1,2.0,1.0,1
522,10597,2,2,2.0,4,2.0,1.0,0
523,10597,1,1,1.0,2,1.0,1.0,1
524,10597,1,1,1.0,4,1.0,2.0,1
525,10602,1,2,1.0,1,2.0,1.0,1
526,10592,1,1,3.0,2,2.0,2.0,1
527,10592,1,1,3.0,3,1.0,2.0,1
528,10612,1,2,2.0,1,1.0,1.0,0
529,10612,2,1,1.0,1,2.0,1.0,1
530,10592,1,2,4.0,"System complexity (hard for front-office secretaries & admins to understand & maneuver), Lack of robustness (inability to handle & process big data instantaneously), Outdated Information Management systems.",1.0,1.0, Yes
531,10607,1,2,,,,1.0,1
532,10617,1,2,,,,1.0,1
533,10622,2,2,,,,2.0,1
534,10627,2,2,,,,2.0,1
535,10592,1,1,3.0,2,2.0,2.0,1
536,10592,1,1,3.0,3,1.0,2.0,1
537,10592,1,1,3.0,2,2.0,2.0,1
538,10592,1,1,3.0,3,1.0,2.0,1
539,10592,1,1,3.0,2,2.0,2.0,1
540,10592,1,1,3.0,3,1.0,2.0,1
541,10612,1,2,2.0,1,1.0,1.0,0
542,10592,1,1,3.0,4,1.0,1.0,1
543,10597,1,2,1.0,1,2.0,1.0,1
544,10592,1,1,3.0,2,2.0,2.0,1
545,10592,1,1,3.0,3,1.0,2.0,1
546,10617,1,2,,,,1.0,1
547,10602,1,2,1.0,1,2.0,1.0,1
548,10602,1,2,1.0,1,2.0,1.0,1
549,10622,2,2,,,,2.0,1
550,10617,1,2,,,,1.0,1
551,10622,2,2,,,,2.0,1
552,10602,1,2,1.0,1,2.0,1.0,1
553,10617,1,2,,,,1.0,1
554,10592,1,1,3.0,2,2.0,2.0,1
555,10607,1,2,,,,1.0,1
556,10592,1,1,3.0,3,1.0,2.0,1
557,10627,2,2,,,,2.0,1
558,10617,1,2,,,,1.0,1
559,10592,1,1,3.0,3,1.0,2.0,1
560,10592,1,1,3.0,3,1.0,2.0,1
561,10612,1,2,2.0,1,1.0,1.0,0
562,10597,1,2,1.0,1,2.0,1.0,1
563,10592,1,1,3.0,3,1.0,2.0,1
564,10622,2,2,,,,2.0,1
565,10622,2,2,,,,2.0,1
566,10607,1,2,,,,1.0,1
567,10592,1,1,3.0,3,1.0,2.0,1
568,10622,2,2,,,,2.0,1
569,10597,1,2,1.0,1,2.0,1.0,1
570,10617,1,2,,,,1.0,1
571,10602,1,2,1.0,1,2.0,1.0,1
572,10617,1,2,,,,1.0,1
573,10622,2,2,,,,2.0,1
574,10592,1,1,3.0,2,2.0,2.0,1
575,10607,1,2,,,,1.0,1
576,10627,2,2,,,,2.0,1
577,10627,2,2,,,,2.0,1
578,10592,1,1,3.0,4,1.0,1.0,1
579,10627,2,2,,,,2.0,1
580,10612,1,2,2.0,1,1.0,1.0,0
581,10592,1,1,3.0,4,1.0,1.0,1
582,10592,1,1,3.0,4,1.0,1.0,1
583,10617,1,2,,,,1.0,1
584,10602,1,2,1.0,1,2.0,1.0,1
585,10627,2,2,,,,2.0,1
586,10592,1,1,3.0,2,2.0,2.0,1
587,10607,1,2,,,,1.0,1
588,10592,1,1,3.0,2,2.0,2.0,1
589,10607,1,2,,,,1.0,1
590,10607,1,2,,,,1.0,1
591,10612,1,2,2.0,1,1.0,1.0,0
592,10592,1,1,3.0,2,2.0,2.0,1
593,10627,2,2,,,,2.0,1
594,10612,1,2,2.0,1,1.0,1.0,0
595,10612,1,2,2.0,1,1.0,1.0,0
596,10602,1,2,1.0,1,2.0,1.0,1
597,10617,1,2,,,,1.0,1
598,10602,1,2,1.0,1,2.0,1.0,1
599,10612,1,2,2.0,1,1.0,1.0,0
600,10627,2,2,,,,2.0,1
601,10612,1,2,2.0,1,1.0,1.0,0
602,10617,1,2,,,,1.0,1
603,10602,1,2,1.0,1,2.0,1.0,1
604,10602,1,2,1.0,1,2.0,1.0,1
605,10612,1,2,2.0,1,1.0,1.0,0
606,10597,1,2,1.0,1,2.0,1.0,1
607,10597,1,2,1.0,1,2.0,1.0,1
608,10607,1,2,,,,1.0,1
609,10597,1,2,1.0,1,2.0,1.0,1
610,10607,1,2,,,,1.0,1
611,10597,1,2,1.0,1,2.0,1.0,1
612,10607,1,2,,,,1.0,1
613,10602,1,2,1.0,1,2.0,1.0,1
614,10607,1,2,,,,1.0,1
615,10627,2,2,,,,2.0,1
616,10612,1,2,2.0,1,1.0,1.0,0
617,10607,1,2,,,,1.0,1
618,10622,2,2,,,,2.0,1
619,10592,1,1,3.0,2,2.0,2.0,1
620,10617,1,2,,,,1.0,1
621,10612,1,2,2.0,1,1.0,1.0,0
622,10617,1,2,,,,1.0,1
623,10617,1,2,,,,1.0,1
624,10627,2,2,,,,2.0,1
625,10597,1,2,1.0,1,2.0,1.0,1
626,10612,1,2,2.0,1,1.0,1.0,0
627,10602,1,2,1.0,1,2.0,1.0,1
628,10607,1,2,,,,1.0,1
629,10617,1,2,,,,1.0,1
630,10617,1,2,,,,1.0,1
631,10622,2,2,,,,2.0,1
632,10592,1,1,3.0,2,2.0,2.0,1
633,10612,1,2,2.0,1,1.0,1.0,0
634,10612,1,2,2.0,1,1.0,1.0,0
635,10602,1,2,1.0,1,2.0,1.0,1
636,10617,1,2,,,,1.0,1
637,10627,2,2,,,,2.0,1
638,10597,1,2,1.0,1,2.0,1.0,1
639,10597,1,2,1.0,1,2.0,1.0,1
640,10597,1,2,1.0,1,2.0,1.0,1
641,10597,1,2,1.0,1,2.0,1.0,1
642,10597,1,2,1.0,1,2.0,1.0,1
643,10617,1,2,,,,1.0,1
644,10612,1,2,2.0,1,1.0,1.0,0
645,10597,1,2,1.0,1,2.0,1.0,1
646,10592,1,1,3.0,2,2.0,2.0,1
647,10607,1,2,,,,1.0,1
648,10627,2,2,,,,2.0,1
649,10627,2,2,,,,2.0,1
650,10627,2,2,,,,2.0,1
651,10592,1,1,3.0,2,2.0,2.0,1
652,10597,1,2,1.0,1,2.0,1.0,1
653,10597,1,2,1.0,1,2.0,1.0,1
654,10592,1,1,3.0,2,2.0,2.0,1
655,10612,1,2,2.0,1,1.0,1.0,0
656,10612,1,2,2.0,1,1.0,1.0,0
657,10597,1,2,1.0,1,2.0,1.0,1
658,10607,1,2,,,,1.0,1
659,10607,1,2,,,,1.0,1
660,10597,1,2,1.0,1,2.0,1.0,1
661,10627,2,2,,,,2.0,1
662,10597,1,2,1.0,1,2.0,1.0,1
663,10597,1,2,1.0,1,2.0,1.0,1
664,10612,1,2,2.0,1,1.0,1.0,0
665,10622,2,2,,,,2.0,1
666,10622,2,2,,,,2.0,1
667,10622,2,2,,,,2.0,1
668,10622,2,2,,,,2.0,1
669,10622,2,2,,,,2.0,1
670,10622,2,2,,,,2.0,1
671,10622,2,2,,,,2.0,1
672,10622,2,2,,,,2.0,1
673,10622,2,2,,,,2.0,1
674,10627,2,2,,,,2.0,1
675,10627,2,2,,,,2.0,1
676,10612,1,2,2.0,1,1.0,1.0,0
677,10592,1,1,3.0,2,2.0,2.0,1
678,10592,1,1,3.0,2,2.0,2.0,1
679,10592,1,1,3.0,2,2.0,2.0,1
680,10597,1,2,1.0,1,2.0,1.0,1
681,10627,2,2,,,,2.0,1
682,10622,2,2,,,,2.0,1
683,10607,1,2,,,,1.0,1
684,10597,1,2,1.0,1,2.0,1.0,1
685,10617,1,2,,,,1.0,1
686,10617,1,2,,,,1.0,1
687,10617,1,2,,,,1.0,1
688,10597,1,2,1.0,1,2.0,1.0,1
689,10592,1,1,3.0,4,1.0,1.0,1
690,10602,1,2,3.0,4,1.0,1.0,0
691,10612,1,2,3.0,3,1.0,1.0,0
692,10597,1,2,1.0,1,2.0,1.0,1
693,10597,2,2,2.0,4,2.0,1.0,0
694,10597,1,1,1.0,2,1.0,1.0,1
695,10597,1,1,1.0,4,1.0,2.0,1
696,10602,1,2,1.0,1,2.0,1.0,1
697,10592,1,1,3.0,2,2.0,2.0,1
698,10592,1,1,3.0,3,1.0,2.0,1
699,10612,1,2,2.0,1,1.0,1.0,0
700,10612,2,1,1.0,1,2.0,1.0,1
701,10592,1,2,4.0,"System complexity (hard for front-office secretaries & admins to understand & maneuver), Lack of robustness (inability to handle & process big data instantaneously), Outdated Information Management systems.",1.0,1.0, Yes
702,10607,1,2,,,,1.0,1
703,10617,1,2,,,,1.0,1
704,10622,2,2,,,,2.0,1
705,10627,2,2,,,,2.0,1
706,10592,1,1,3.0,2,2.0,2.0,1
707,10592,1,1,3.0,3,1.0,2.0,1
708,10592,1,1,3.0,2,2.0,2.0,1
709,10592,1,1,3.0,3,1.0,2.0,1
710,10592,1,1,3.0,2,2.0,2.0,1
711,10592,1,1,3.0,3,1.0,2.0,1
712,10612,1,2,2.0,1,1.0,1.0,0
713,10592,1,1,3.0,4,1.0,1.0,1
714,10597,1,2,1.0,1,2.0,1.0,1
715,10592,1,1,3.0,2,2.0,2.0,1
716,10592,1,1,3.0,3,1.0,2.0,1
717,10617,1,2,,,,1.0,1
718,10602,1,2,1.0,1,2.0,1.0,1
719,10602,1,2,1.0,1,2.0,1.0,1
720,10622,2,2,,,,2.0,1
721,10617,1,2,,,,1.0,1
722,10622,2,2,,,,2.0,1
723,10602,1,2,1.0,1,2.0,1.0,1
724,10617,1,2,,,,1.0,1
725,10592,1,1,3.0,2,2.0,2.0,1
726,10607,1,2,,,,1.0,1
727,10592,1,1,3.0,3,1.0,2.0,1
728,10627,2,2,,,,2.0,1
729,10617,1,2,,,,1.0,1
730,10592,1,1,3.0,3,1.0,2.0,1
731,10592,1,1,3.0,3,1.0,2.0,1
732,10612,1,2,2.0,1,1.0,1.0,0
733,10597,1,2,1.0,1,2.0,1.0,1
734,10592,1,1,3.0,3,1.0,2.0,1
735,10622,2,2,,,,2.0,1
736,10622,2,2,,,,2.0,1
737,10607,1,2,,,,1.0,1
738,10592,1,1,3.0,3,1.0,2.0,1
739,10622,2,2,,,,2.0,1
740,10597,1,2,1.0,1,2.0,1.0,1
741,10617,1,2,,,,1.0,1
742,10602,1,2,1.0,1,2.0,1.0,1
743,10617,1,2,,,,1.0,1
744,10622,2,2,,,,2.0,1
745,10592,1,1,3.0,2,2.0,2.0,1
746,10607,1,2,,,,1.0,1
747,10627,2,2,,,,2.0,1
748,10627,2,2,,,,2.0,1
749,10592,1,1,3.0,4,1.0,1.0,1
750,10627,2,2,,,,2.0,1
751,10612,1,2,2.0,1,1.0,1.0,0
752,10592,1,1,3.0,4,1.0,1.0,1
753,10592,1,1,3.0,4,1.0,1.0,1
754,10617,1,2,,,,1.0,1
755,10602,1,2,1.0,1,2.0,1.0,1
756,10627,2,2,,,,2.0,1
757,10592,1,1,3.0,2,2.0,2.0,1
758,10607,1,2,,,,1.0,1
759,10592,1,1,3.0,2,2.0,2.0,1
760,10607,1,2,,,,1.0,1
761,10607,1,2,,,,1.0,1
762,10612,1,2,2.0,1,1.0,1.0,0
763,10592,1,1,3.0,2,2.0,2.0,1
764,10627,2,2,,,,2.0,1
765,10612,1,2,2.0,1,1.0,1.0,0
766,10612,1,2,2.0,1,1.0,1.0,0
767,10602,1,2,1.0,1,2.0,1.0,1
768,10617,1,2,,,,1.0,1
769,10602,1,2,1.0,1,2.0,1.0,1
770,10612,1,2,2.0,1,1.0,1.0,0
771,10627,2,2,,,,2.0,1
772,10612,1,2,2.0,1,1.0,1.0,0
773,10617,1,2,,,,1.0,1
774,10602,1,2,1.0,1,2.0,1.0,1
775,10602,1,2,1.0,1,2.0,1.0,1
776,10612,1,2,2.0,1,1.0,1.0,0
777,10597,1,2,1.0,1,2.0,1.0,1
778,10597,1,2,1.0,1,2.0,1.0,1
779,10607,1,2,,,,1.0,1
780,10597,1,2,1.0,1,2.0,1.0,1
781,10607,1,2,,,,1.0,1
782,10597,1,2,1.0,1,2.0,1.0,1
783,10607,1,2,,,,1.0,1
784,10602,1,2,1.0,1,2.0,1.0,1
785,10607,1,2,,,,1.0,1
786,10627,2,2,,,,2.0,1
787,10612,1,2,2.0,1,1.0,1.0,0
788,10607,1,2,,,,1.0,1
789,10622,2,2,,,,2.0,1
790,10592,1,1,3.0,2,2.0,2.0,1
791,10617,1,2,,,,1.0,1
792,10612,1,2,2.0,1,1.0,1.0,0
793,10617,1,2,,,,1.0,1
794,10617,1,2,,,,1.0,1
795,10627,2,2,,,,2.0,1
796,10597,1,2,1.0,1,2.0,1.0,1
797,10612,1,2,2.0,1,1.0,1.0,0
798,10602,1,2,1.0,1,2.0,1.0,1
799,10607,1,2,,,,1.0,1
800,10617,1,2,,,,1.0,1
801,10617,1,2,,,,1.0,1
802,10622,2,2,,,,2.0,1
803,10592,1,1,3.0,2,2.0,2.0,1
804,10612,1,2,2.0,1,1.0,1.0,0
805,10612,1,2,2.0,1,1.0,1.0,0
806,10602,1,2,1.0,1,2.0,1.0,1
807,10617,1,2,,,,1.0,1
808,10627,2,2,,,,2.0,1
809,10597,1,2,1.0,1,2.0,1.0,1
810,10597,1,2,1.0,1,2.0,1.0,1
811,10597,1,2,1.0,1,2.0,1.0,1
812,10597,1,2,1.0,1,2.0,1.0,1
813,10597,1,2,1.0,1,2.0,1.0,1
814,10617,1,2,,,,1.0,1
815,10612,1,2,2.0,1,1.0,1.0,0
816,10597,1,2,1.0,1,2.0,1.0,1
817,10592,1,1,3.0,2,2.0,2.0,1
818,10607,1,2,,,,1.0,1
819,10627,2,2,,,,2.0,1
820,10627,2,2,,,,2.0,1
821,10627,2,2,,,,2.0,1
822,10592,1,1,3.0,2,2.0,2.0,1
823,10597,1,2,1.0,1,2.0,1.0,1
824,10597,1,2,1.0,1,2.0,1.0,1
825,10592,1,1,3.0,2,2.0,2.0,1
826,10612,1,2,2.0,1,1.0,1.0,0
827,10612,1,2,2.0,1,1.0,1.0,0
828,10597,1,2,1.0,1,2.0,1.0,1
829,10607,1,2,,,,1.0,1
830,10607,1,2,,,,1.0,1
831,10597,1,2,1.0,1,2.0,1.0,1
832,10627,2,2,,,,2.0,1
833,10597,1,2,1.0,1,2.0,1.0,1
834,10597,1,2,1.0,1,2.0,1.0,1
835,10612,1,2,2.0,1,1.0,1.0,0
836,10622,2,2,,,,2.0,1
837,10622,2,2,,,,2.0,1
838,10622,2,2,,,,2.0,1
839,10622,2,2,,,,2.0,1
840,10622,2,2,,,,2.0,1
841,10622,2,2,,,,2.0,1
842,10622,2,2,,,,2.0,1
843,10622,2,2,,,,2.0,1
844,10622,2,2,,,,2.0,1
845,10627,2,2,,,,2.0,1
846,10627,2,2,,,,2.0,1
847,10612,1,2,2.0,1,1.0,1.0,0
848,10592,1,1,3.0,2,2.0,2.0,1
849,10592,1,1,3.0,2,2.0,2.0,1
850,10592,1,1,3.0,2,2.0,2.0,1
851,10597,1,2,1.0,1,2.0,1.0,1
852,10627,2,2,,,,2.0,1
853,10622,2,2,,,,2.0,1
854,10607,1,2,,,,1.0,1
855,10597,1,2,1.0,1,2.0,1.0,1
856,10617,1,2,,,,1.0,1
857,10617,1,2,,,,1.0,1
858,10617,1,2,,,,1.0,1
859,10597,1,2,1.0,1,2.0,1.0,1
860,10592,1,1,3.0,4,1.0,1.0,1
861,10602,1,2,3.0,4,1.0,1.0,0
862,10612,1,2,3.0,3,1.0,1.0,0
863,10597,1,2,1.0,1,2.0,1.0,1
864,10597,2,2,2.0,4,2.0,1.0,0
865,10597,1,1,1.0,2,1.0,1.0,1
866,10597,1,1,1.0,4,1.0,2.0,1
867,10602,1,2,1.0,1,2.0,1.0,1
868,10592,1,1,3.0,2,2.0,2.0,1
869,10592,1,1,3.0,3,1.0,2.0,1
870,10612,1,2,2.0,1,1.0,1.0,0
871,10612,2,1,1.0,1,2.0,1.0,1
872,10592,1,2,4.0,"System complexity (hard for front-office secretaries & admins to understand & maneuver), Lack of robustness (inability to handle & process big data instantaneously), Outdated Information Management systems.",1.0,1.0, Yes
873,10607,1,2,,,,1.0,1
874,10617,1,2,,,,1.0,1
875,10622,2,2,,,,2.0,1
876,10627,2,2,,,,2.0,1
877,10592,1,1,3.0,2,2.0,2.0,1
878,10592,1,1,3.0,3,1.0,2.0,1
879,10592,1,1,3.0,2,2.0,2.0,1
880,10592,1,1,3.0,3,1.0,2.0,1
881,10592,1,1,3.0,2,2.0,2.0,1
882,10592,1,1,3.0,3,1.0,2.0,1
883,10612,1,2,2.0,1,1.0,1.0,0
884,10592,1,1,3.0,4,1.0,1.0,1
885,10597,1,2,1.0,1,2.0,1.0,1
886,10592,1,1,3.0,2,2.0,2.0,1
887,10592,1,1,3.0,3,1.0,2.0,1
888,10617,1,2,,,,1.0,1
889,10602,1,2,1.0,1,2.0,1.0,1
890,10602,1,2,1.0,1,2.0,1.0,1
891,10622,2,2,,,,2.0,1
892,10617,1,2,,,,1.0,1
893,10622,2,2,,,,2.0,1
894,10602,1,2,1.0,1,2.0,1.0,1
895,10617,1,2,,,,1.0,1
896,10592,1,1,3.0,2,2.0,2.0,1
897,10607,1,2,,,,1.0,1
898,10592,1,1,3.0,3,1.0,2.0,1
899,10627,2,2,,,,2.0,1
900,10617,1,2,,,,1.0,1
901,10592,1,1,3.0,3,1.0,2.0,1
902,10592,1,1,3.0,3,1.0,2.0,1
903,10612,1,2,2.0,1,1.0,1.0,0
904,10597,1,2,1.0,1,2.0,1.0,1
905,10592,1,1,3.0,3,1.0,2.0,1
906,10622,2,2,,,,2.0,1
907,10622,2,2,,,,2.0,1
908,10607,1,2,,,,1.0,1
909,10592,1,1,3.0,3,1.0,2.0,1
910,10622,2,2,,,,2.0,1
911,10597,1,2,1.0,1,2.0,1.0,1
912,10617,1,2,,,,1.0,1
913,10602,1,2,1.0,1,2.0,1.0,1
914,10617,1,2,,,,1.0,1
915,10622,2,2,,,,2.0,1
916,10592,1,1,3.0,2,2.0,2.0,1
917,10607,1,2,,,,1.0,1
918,10627,2,2,,,,2.0,1
919,10627,2,2,,,,2.0,1
920,10592,1,1,3.0,4,1.0,1.0,1
921,10627,2,2,,,,2.0,1
922,10612,1,2,2.0,1,1.0,1.0,0
923,10592,1,1,3.0,4,1.0,1.0,1
924,10592,1,1,3.0,4,1.0,1.0,1
925,10617,1,2,,,,1.0,1
926,10602,1,2,1.0,1,2.0,1.0,1
927,10627,2,2,,,,2.0,1
928,10592,1,1,3.0,2,2.0,2.0,1
929,10607,1,2,,,,1.0,1
930,10592,1,1,3.0,2,2.0,2.0,1
931,10607,1,2,,,,1.0,1
932,10607,1,2,,,,1.0,1
933,10612,1,2,2.0,1,1.0,1.0,0
934,10592,1,1,3.0,2,2.0,2.0,1
935,10627,2,2,,,,2.0,1
936,10612,1,2,2.0,1,1.0,1.0,0
937,10612,1,2,2.0,1,1.0,1.0,0
938,10602,1,2,1.0,1,2.0,1.0,1
939,10617,1,2,,,,1.0,1
940,10602,1,2,1.0,1,2.0,1.0,1
941,10612,1,2,2.0,1,1.0,1.0,0
942,10627,2,2,,,,2.0,1
943,10612,1,2,2.0,1,1.0,1.0,0
944,10617,1,2,,,,1.0,1
945,10602,1,2,1.0,1,2.0,1.0,1
946,10602,1,2,1.0,1,2.0,1.0,1
947,10612,1,2,2.0,1,1.0,1.0,0
948,10597,1,2,1.0,1,2.0,1.0,1
949,10597,1,2,1.0,1,2.0,1.0,1
950,10607,1,2,,,,1.0,1
951,10597,1,2,1.0,1,2.0,1.0,1
952,10607,1,2,,,,1.0,1
953,10597,1,2,1.0,1,2.0,1.0,1
954,10607,1,2,,,,1.0,1
955,10602,1,2,1.0,1,2.0,1.0,1
956,10607,1,2,,,,1.0,1
957,10627,2,2,,,,2.0,1
958,10612,1,2,2.0,1,1.0,1.0,0
959,10607,1,2,,,,1.0,1
960,10622,2,2,,,,2.0,1
961,10592,1,1,3.0,2,2.0,2.0,1
962,10617,1,2,,,,1.0,1
963,10612,1,2,2.0,1,1.0,1.0,0
964,10617,1,2,,,,1.0,1
965,10617,1,2,,,,1.0,1
966,10627,2,2,,,,2.0,1
967,10597,1,2,1.0,1,2.0,1.0,1
968,10612,1,2,2.0,1,1.0,1.0,0
969,10602,1,2,1.0,1,2.0,1.0,1
970,10607,1,2,,,,1.0,1
971,10617,1,2,,,,1.0,1
972,10617,1,2,,,,1.0,1
973,10622,2,2,,,,2.0,1
974,10592,1,1,3.0,2,2.0,2.0,1
975,10612,1,2,2.0,1,1.0,1.0,0
976,10612,1,2,2.0,1,1.0,1.0,0
977,10602,1,2,1.0,1,2.0,1.0,1
978,10617,1,2,,,,1.0,1
979,10627,2,2,,,,2.0,1
980,10597,1,2,1.0,1,2.0,1.0,1
981,10597,1,2,1.0,1,2.0,1.0,1
982,10597,1,2,1.0,1,2.0,1.0,1
983,10597,1,2,1.0,1,2.0,1.0,1
984,10597,1,2,1.0,1,2.0,1.0,1
985,10617,1,2,,,,1.0,1
986,10612,1,2,2.0,1,1.0,1.0,0
987,10597,1,2,1.0,1,2.0,1.0,1
988,10592,1,1,3.0,2,2.0,2.0,1
989,10607,1,2,,,,1.0,1
990,10627,2,2,,,,2.0,1
991,10627,2,2,,,,2.0,1
992,10627,2,2,,,,2.0,1
993,10592,1,1,3.0,2,2.0,2.0,1
994,10597,1,2,1.0,1,2.0,1.0,1
995,10597,1,2,1.0,1,2.0,1.0,1
996,10592,1,1,3.0,2,2.0,2.0,1
997,10612,1,2,2.0,1,1.0,1.0,0
998,10612,1,2,2.0,1,1.0,1.0,0
999,10597,1,2,1.0,1,2.0,1.0,1
1000,10607,1,2,,,,1.0,1
1001,10607,1,2,,,,1.0,1
1002,10597,1,2,1.0,1,2.0,1.0,1
1003,10627,2,2,,,,2.0,1
1004,10597,1,2,1.0,1,2.0,1.0,1
1005,10597,1,2,1.0,1,2.0,1.0,1
1006,10612,1,2,2.0,1,1.0,1.0,0
1007,10622,2,2,,,,2.0,1
1008,10622,2,2,,,,2.0,1
1009,10622,2,2,,,,2.0,1
1010,10622,2,2,,,,2.0,1
1011,10622,2,2,,,,2.0,1
1012,10622,2,2,,,,2.0,1
1013,10622,2,2,,,,2.0,1
1014,10622,2,2,,,,2.0,1
1015,10622,2,2,,,,2.0,1
1016,10627,2,2,,,,2.0,1
1017,10627,2,2,,,,2.0,1
1018,10612,1,2,2.0,1,1.0,1.0,0
1019,10592,1,1,3.0,2,2.0,2.0,1
1020,10592,1,1,3.0,2,2.0,2.0,1
1021,10592,1,1,3.0,2,2.0,2.0,1
1022,10597,1,2,1.0,1,2.0,1.0,1
1023,10627,2,2,,,,2.0,1
1024,10622,2,2,,,,2.0,1
1025,10607,1,2,,,,1.0,1
1026,10597,1,2,1.0,1,2.0,1.0,1
1027,10617,1,2,,,,1.0,1
1028,10617,1,2,,,,1.0,1
1029,10617,1,2,,,,1.0,1
1030,10597,1,2,1.0,1,2.0,1.0,1
1031,10592,1,1,3.0,2,2.0,2.0,1
1032,10592,1,1,3.0,2,2.0,2.0,1
1033,10592,1,1,3.0,2,2.0,2.0,1
1034,10607,1,2,,,,1.0,1
1035,10607,1,2,,,,1.0,1
1036,10607,1,2,,,,1.0,1
1037,10592,1,1,3.0,4,1.0,1.0,1
1038,10602,1,2,3.0,4,1.0,1.0,0
1039,10612,1,2,3.0,3,1.0,1.0,0
1040,10597,1,2,1.0,1,2.0,1.0,1
1041,10597,2,2,2.0,4,2.0,1.0,0
1042,10597,1,1,1.0,2,1.0,1.0,1
1043,10597,1,1,1.0,4,1.0,2.0,1
1044,10602,1,2,1.0,1,2.0,1.0,1
1045,10592,1,1,3.0,2,2.0,2.0,1
1046,10592,1,1,3.0,3,1.0,2.0,1
1047,10612,1,2,2.0,1,1.0,1.0,0
1048,10612,2,1,1.0,1,2.0,1.0,1
1049,10592,1,2,4.0,"System complexity (hard for front-office secretaries & admins to understand & maneuver), Lack of robustness (inability to handle & process big data instantaneously), Outdated Information Management systems.",1.0,1.0, Yes
1050,10607,1,2,,,,1.0,1
1051,10617,1,2,,,,1.0,1
1052,10622,2,2,,,,2.0,1
1053,10627,2,2,,,,2.0,1
1054,10592,1,1,3.0,2,2.0,2.0,1
1055,10592,1,1,3.0,3,1.0,2.0,1
1056,10592,1,1,3.0,2,2.0,2.0,1
1057,10592,1,1,3.0,3,1.0,2.0,1
1058,10592,1,1,3.0,2,2.0,2.0,1
1059,10592,1,1,3.0,3,1.0,2.0,1
1060,10612,1,2,2.0,1,1.0,1.0,0
1061,10592,1,1,3.0,4,1.0,1.0,1
1062,10597,1,2,1.0,1,2.0,1.0,1
1063,10592,1,1,3.0,2,2.0,2.0,1
1064,10592,1,1,3.0,3,1.0,2.0,1
1065,10617,1,2,,,,1.0,1
1066,10602,1,2,1.0,1,2.0,1.0,1
1067,10602,1,2,1.0,1,2.0,1.0,1
1068,10622,2,2,,,,2.0,1
1069,10617,1,2,,,,1.0,1
1070,10622,2,2,,,,2.0,1
1071,10602,1,2,1.0,1,2.0,1.0,1
1072,10617,1,2,,,,1.0,1
1073,10592,1,1,3.0,2,2.0,2.0,1
1074,10607,1,2,,,,1.0,1
1075,10592,1,1,3.0,3,1.0,2.0,1
1076,10627,2,2,,,,2.0,1
1077,10617,1,2,,,,1.0,1
1078,10592,1,1,3.0,3,1.0,2.0,1
1079,10592,1,1,3.0,3,1.0,2.0,1
1080,10612,1,2,2.0,1,1.0,1.0,0
1081,10597,1,2,1.0,1,2.0,1.0,1
1082,10592,1,1,3.0,3,1.0,2.0,1
1083,10622,2,2,,,,2.0,1
1084,10622,2,2,,,,2.0,1
1085,10607,1,2,,,,1.0,1
1086,10592,1,1,3.0,3,1.0,2.0,1
1087,10622,2,2,,,,2.0,1
1088,10597,1,2,1.0,1,2.0,1.0,1
1089,10617,1,2,,,,1.0,1
1090,10602,1,2,1.0,1,2.0,1.0,1
1091,10617,1,2,,,,1.0,1
1092,10622,2,2,,,,2.0,1
1093,10592,1,1,3.0,2,2.0,2.0,1
1094,10607,1,2,,,,1.0,1
1095,10627,2,2,,,,2.0,1
1096,10627,2,2,,,,2.0,1
1097,10592,1,1,3.0,4,1.0,1.0,1
1098,10627,2,2,,,,2.0,1
1099,10612,1,2,2.0,1,1.0,1.0,0
1100,10592,1,1,3.0,4,1.0,1.0,1
1101,10592,1,1,3.0,4,1.0,1.0,1
1102,10617,1,2,,,,1.0,1
1103,10602,1,2,1.0,1,2.0,1.0,1
1104,10627,2,2,,,,2.0,1
1105,10592,1,1,3.0,2,2.0,2.0,1
1106,10607,1,2,,,,1.0,1
1107,10592,1,1,3.0,2,2.0,2.0,1
1108,10607,1,2,,,,1.0,1
1109,10607,1,2,,,,1.0,1
1110,10612,1,2,2.0,1,1.0,1.0,0
1111,10592,1,1,3.0,2,2.0,2.0,1
1112,10627,2,2,,,,2.0,1
1113,10612,1,2,2.0,1,1.0,1.0,0
1114,10612,1,2,2.0,1,1.0,1.0,0
1115,10602,1,2,1.0,1,2.0,1.0,1
1116,10617,1,2,,,,1.0,1
1117,10602,1,2,1.0,1,2.0,1.0,1
1118,10612,1,2,2.0,1,1.0,1.0,0
1119,10627,2,2,,,,2.0,1
1120,10612,1,2,2.0,1,1.0,1.0,0
1121,10617,1,2,,,,1.0,1
1122,10602,1,2,1.0,1,2.0,1.0,1
1123,10602,1,2,1.0,1,2.0,1.0,1
1124,10612,1,2,2.0,1,1.0,1.0,0
1125,10597,1,2,1.0,1,2.0,1.0,1
1126,10597,1,2,1.0,1,2.0,1.0,1
1127,10607,1,2,,,,1.0,1
1128,10597,1,2,1.0,1,2.0,1.0,1
1129,10607,1,2,,,,1.0,1
1130,10597,1,2,1.0,1,2.0,1.0,1
1131,10607,1,2,,,,1.0,1
1132,10602,1,2,1.0,1,2.0,1.0,1
1133,10607,1,2,,,,1.0,1
1134,10627,2,2,,,,2.0,1
1135,10612,1,2,2.0,1,1.0,1.0,0
1136,10607,1,2,,,,1.0,1
1137,10622,2,2,,,,2.0,1
1138,10592,1,1,3.0,2,2.0,2.0,1
1139,10617,1,2,,,,1.0,1
1140,10612,1,2,2.0,1,1.0,1.0,0
1141,10617,1,2,,,,1.0,1
1142,10617,1,2,,,,1.0,1
1143,10627,2,2,,,,2.0,1
1144,10597,1,2,1.0,1,2.0,1.0,1
1145,10612,1,2,2.0,1,1.0,1.0,0
1146,10602,1,2,1.0,1,2.0,1.0,1
1147,10607,1,2,,,,1.0,1
1148,10617,1,2,,,,1.0,1
1149,10617,1,2,,,,1.0,1
1150,10622,2,2,,,,2.0,1
1151,10592,1,1,3.0,2,2.0,2.0,1
1152,10612,1,2,2.0,1,1.0,1.0,0
1153,10612,1,2,2.0,1,1.0,1.0,0
1154,10602,1,2,1.0,1,2.0,1.0,1
1155,10617,1,2,,,,1.0,1
1156,10627,2,2,,,,2.0,1
1157,10597,1,2,1.0,1,2.0,1.0,1
1158,10597,1,2,1.0,1,2.0,1.0,1
1159,10597,1,2,1.0,1,2.0,1.0,1
1160,10597,1,2,1.0,1,2.0,1.0,1
1161,10597,1,2,1.0,1,2.0,1.0,1
1162,10617,1,2,,,,1.0,1
1163,10612,1,2,2.0,1,1.0,1.0,0
1164,10597,1,2,1.0,1,2.0,1.0,1
1165,10592,1,1,3.0,2,2.0,2.0,1
1166,10607,1,2,,,,1.0,1
1167,10627,2,2,,,,2.0,1
1168,10627,2,2,,,,2.0,1
1169,10627,2,2,,,,2.0,1
1170,10592,1,1,3.0,2,2.0,2.0,1
1171,10597,1,2,1.0,1,2.0,1.0,1
1172,10597,1,2,1.0,1,2.0,1.0,1
1173,10592,1,1,3.0,2,2.0,2.0,1
1174,10612,1,2,2.0,1,1.0,1.0,0
1175,10612,1,2,2.0,1,1.0,1.0,0
1176,10597,1,2,1.0,1,2.0,1.0,1
1177,10607,1,2,,,,1.0,1
1178,10607,1,2,,,,1.0,1
1179,10597,1,2,1.0,1,2.0,1.0,1
1180,10627,2,2,,,,2.0,1
1181,10597,1,2,1.0,1,2.0,1.0,1
1182,10597,1,2,1.0,1,2.0,1.0,1
1183,10612,1,2,2.0,1,1.0,1.0,0
1184,10622,2,2,,,,2.0,1
1185,10622,2,2,,,,2.0,1
1186,10622,2,2,,,,2.0,1
1187,10622,2,2,,,,2.0,1
1188,10622,2,2,,,,2.0,1
1189,10622,2,2,,,,2.0,1
1190,10622,2,2,,,,2.0,1
1191,10622,2,2,,,,2.0,1
1192,10622,2,2,,,,2.0,1
1193,10627,2,2,,,,2.0,1
1194,10627,2,2,,,,2.0,1
1195,10612,1,2,2.0,1,1.0,1.0,0
1196,10592,1,1,3.0,2,2.0,2.0,1
1197,10592,1,1,3.0,2,2.0,2.0,1
1198,10592,1,1,3.0,2,2.0,2.0,1
1199,10597,1,2,1.0,1,2.0,1.0,1
1200,10627,2,2,,,,2.0,1
1201,10622,2,2,,,,2.0,1
1202,10607,1,2,,,,1.0,1
1203,10597,1,2,1.0,1,2.0,1.0,1
1204,10617,1,2,,,,1.0,1
1205,10617,1,2,,,,1.0,1
1206,10617,1,2,,,,1.0,1
1207,10597,1,2,1.0,1,2.0,1.0,1
1208,10592,1,1,3.0,4,1.0,1.0,1
1209,10592,1,2,3.0,4,1.0,1.0,0
1210,10592,1,2,3.0,3,1.0,1.0,0
1211,10592,1,2,1.0,1,2.0,1.0,1
1212,10592,2,2,2.0,4,2.0,1.0,0
1213,10592,1,1,1.0,2,1.0,1.0,1
1214,10597,1,1,1.0,4,1.0,2.0,1
1215,10602,1,2,1.0,1,2.0,1.0,1
1216,10592,1,1,3.0,2,2.0,2.0,1
1217,10592,1,1,3.0,3,1.0,2.0,1
1218,10612,1,2,2.0,1,1.0,1.0,0
1219,10612,2,1,1.0,1,2.0,1.0,1
1220,10592,1,2,4.0,"System complexity (hard for front-office secretaries & admins to understand & maneuver), Lack of robustness (inability to handle & process big data instantaneously), Outdated Information Management systems.",1.0,1.0, Yes
1221,10607,1,2,,,,1.0,1
1222,10617,1,2,,,,1.0,1
1223,10622,2,2,,,,2.0,1
1224,10627,2,2,,,,2.0,1
1225,10592,1,1,3.0,2,2.0,2.0,1
1226,10592,1,1,3.0,3,1.0,2.0,1
1227,10592,1,1,3.0,2,2.0,2.0,1
1228,10592,1,1,3.0,3,1.0,2.0,1
1229,10592,1,1,3.0,2,2.0,2.0,1
1230,10592,1,1,3.0,3,1.0,2.0,1
1231,10612,1,2,2.0,1,1.0,1.0,0
1232,10592,1,1,3.0,4,1.0,1.0,1
1233,10597,1,2,1.0,1,2.0,1.0,1
1234,10592,1,1,3.0,2,2.0,2.0,1
1235,10592,1,1,3.0,3,1.0,2.0,1
1236,10617,1,2,,,,1.0,1
1237,10602,1,2,1.0,1,2.0,1.0,1
1238,10602,1,2,1.0,1,2.0,1.0,1
1239,10622,2,2,,,,2.0,1
1240,10617,1,2,,,,1.0,1
1241,10622,2,2,,,,2.0,1
1242,10602,1,2,1.0,1,2.0,1.0,1
1243,10617,1,2,,,,1.0,1
1244,10592,1,1,3.0,2,2.0,2.0,1
1245,10607,1,2,,,,1.0,1
1246,10592,1,1,3.0,3,1.0,2.0,1
1247,10627,2,2,,,,2.0,1
1248,10617,1,2,,,,1.0,1
1249,10592,1,1,3.0,3,1.0,2.0,1
1250,10592,1,1,3.0,3,1.0,2.0,1
1251,10612,1,2,2.0,1,1.0,1.0,0
1252,10597,1,2,1.0,1,2.0,1.0,1
1253,10592,1,1,3.0,3,1.0,2.0,1
1254,10622,2,2,,,,2.0,1
1255,10622,2,2,,,,2.0,1
1256,10607,1,2,,,,1.0,1
1257,10592,1,1,3.0,3,1.0,2.0,1
1258,10622,2,2,,,,2.0,1
1259,10597,1,2,1.0,1,2.0,1.0,1
1260,10617,1,2,,,,1.0,1
1261,10602,1,2,1.0,1,2.0,1.0,1
1262,10617,1,2,,,,1.0,1
1263,10622,2,2,,,,2.0,1
1264,10592,1,1,3.0,2,2.0,2.0,1
1265,10607,1,2,,,,1.0,1
1266,10627,2,2,,,,2.0,1
1267,10627,2,2,,,,2.0,1
1268,10592,1,1,3.0,4,1.0,1.0,1
1269,10627,2,2,,,,2.0,1
1270,10612,1,2,2.0,1,1.0,1.0,0
1271,10592,1,1,3.0,4,1.0,1.0,1
1272,10592,1,1,3.0,4,1.0,1.0,1
1273,10617,1,2,,,,1.0,1
1274,10602,1,2,1.0,1,2.0,1.0,1
1275,10627,2,2,,,,2.0,1
1276,10592,1,1,3.0,2,2.0,2.0,1
1277,10607,1,2,,,,1.0,1
1278,10592,1,1,3.0,2,2.0,2.0,1
1279,10607,1,2,,,,1.0,1
1280,10607,1,2,,,,1.0,1
1281,10612,1,2,2.0,1,1.0,1.0,0
1282,10612,1,2,2.0,1,1.0,1.0,0
1283,10612,1,2,2.0,1,1.0,1.0,0
1284,10612,1,2,2.0,1,1.0,1.0,0
1285,10612,1,2,2.0,1,1.0,1.0,0
1286,10617,1,2,,,,1.0,1
1287,10617,1,2,,,,1.0,1
1288,10602,1,2,1.0,1,2.0,1.0,1
1289,10617,1,2,,,,1.0,1
1290,10602,1,2,1.0,1,2.0,1.0,1
1291,10602,1,2,1.0,1,2.0,1.0,1
1292,10602,1,2,1.0,1,2.0,1.0,1
1293,10602,1,2,1.0,1,2.0,1.0,1
1294,10602,1,2,1.0,1,2.0,1.0,1
1295,10612,1,2,2.0,1,1.0,1.0,0
1296,10597,1,2,1.0,1,2.0,1.0,1
1297,10597,1,2,1.0,1,2.0,1.0,1
1298,10607,1,2,,,,1.0,1
1299,10597,1,2,1.0,1,2.0,1.0,1
1300,10607,1,2,,,,1.0,1
1301,10597,1,2,1.0,1,2.0,1.0,1
1302,10607,1,2,,,,1.0,1
1303,10602,1,2,1.0,1,2.0,1.0,1
1304,10607,1,2,,,,1.0,1
1305,10627,2,2,,,,2.0,1
1306,10612,1,2,2.0,1,1.0,1.0,0
1307,10592,1,1,3.0,2,2.0,2.0,1
1308,10622,2,2,,,,2.0,1
1309,10592,1,1,3.0,2,2.0,2.0,1
1310,10617,1,2,,,,1.0,1
1311,10612,1,2,2.0,1,1.0,1.0,0
1312,10617,1,2,,,,1.0,1
1313,10617,1,2,,,,1.0,1
1314,10627,2,2,,,,2.0,1
1315,10597,1,2,1.0,1,2.0,1.0,1
1316,10612,1,2,2.0,1,1.0,1.0,0
1317,10602,1,2,1.0,1,2.0,1.0,1
1318,10607,1,2,,,,1.0,1
1319,10617,1,2,,,,1.0,1
1320,10617,1,2,,,,1.0,1
1321,10622,2,2,,,,2.0,1
1322,10592,1,1,3.0,2,2.0,2.0,1
1323,10612,1,2,2.0,1,1.0,1.0,0
1324,10612,1,2,2.0,1,1.0,1.0,0
1325,10602,1,2,1.0,1,2.0,1.0,1
1326,10617,1,2,,,,1.0,1
1327,10627,2,2,,,,2.0,1
1328,10597,1,2,1.0,1,2.0,1.0,1
1329,10597,1,2,1.0,1,2.0,1.0,1
1330,10597,1,2,1.0,1,2.0,1.0,1
1331,10597,1,2,1.0,1,2.0,1.0,1
1332,10597,1,2,1.0,1,2.0,1.0,1
1333,10617,1,2,,,,1.0,1
1334,10622,2,2,,,,2.0,1
1335,10622,2,2,,,,2.0,1
1336,10622,2,2,,,,2.0,1
1337,10622,2,2,,,,2.0,1
1338,10592,1,1,3.0,2,2.0,2.0,1
1339,10592,1,1,3.0,2,2.0,2.0,1
1340,10592,1,1,3.0,2,2.0,2.0,1
1341,10622,2,2,,,,2.0,1
1342,10622,2,2,,,,2.0,1
1343,10597,1,2,1.0,1,2.0,1.0,1
1344,10592,1,1,3.0,2,2.0,2.0,1
1345,10612,1,2,2.0,1,1.0,1.0,0
1346,10612,1,2,2.0,1,1.0,1.0,0
1347,10597,1,2,1.0,1,2.0,1.0,1
1348,10607,1,2,,,,1.0,1
1349,10607,1,2,,,,1.0,1
1350,10597,1,2,1.0,1,2.0,1.0,1
1351,10627,2,2,,,,2.0,1
1352,10597,1,2,1.0,1,2.0,1.0,1
1353,10597,1,2,1.0,1,2.0,1.0,1
1354,10612,1,2,2.0,1,1.0,1.0,0
1355,10622,2,2,,,,2.0,1
1356,10622,2,2,,,,2.0,1
1357,10622,2,2,,,,2.0,1
1358,10622,2,2,,,,2.0,1
1359,10622,2,2,,,,2.0,1
1360,10622,2,2,,,,2.0,1
1361,10622,2,2,,,,2.0,1
1362,10622,2,2,,,,2.0,1
1363,10622,2,2,,,,2.0,1
1364,10627,2,2,,,,2.0,1
1365,10627,2,2,,,,2.0,1
1366,10612,1,2,2.0,1,1.0,1.0,0
1367,10592,1,1,3.0,2,2.0,2.0,1
1368,10592,1,1,3.0,2,2.0,2.0,1
1369,10592,1,1,3.0,2,2.0,2.0,1
1370,10597,1,2,1.0,1,2.0,1.0,1
1371,10627,2,2,,,,2.0,1
1372,10622,2,2,,,,2.0,0
1373,10607,1,2,,,,1.0,0
1374,10597,1,2,1.0,1,2.0,1.0,0
1375,10617,1,2,,,,1.0,0
1376,10617,1,2,,,,1.0,0
1377,10617,1,2,,,,1.0,0
1378,10597,1,2,1.0,1,2.0,1.0,0
1379,10592,1,1,3.0,2,2.0,2.0,1
1380,10627,2,2,,,,2.0,0
1381,10612,1,2,2.0,1,1.0,1.0,0
1382,10612,1,2,2.0,1,1.0,1.0,0
1383,10602,1,2,1.0,1,2.0,1.0,0
1384,10617,1,2,,,,1.0,0
1385,10602,1,2,1.0,1,2.0,1.0,0
1386,10607,1,2,,,,1.0,0
1387,10627,2,2,,,,2.0,0
1388,10612,1,2,2.0,1,1.0,1.0,1
1389,10617,1,2,,,,1.0,1
1390,10602,1,2,1.0,1,2.0,1.0,1
1391,10602,1,2,1.0,1,2.0,1.0,1
1392,10607,1,2,,,,1.0,1
1393,10607,1,2,,,,1.0,1
1394,10607,1,2,,,,1.0,1
1395,10607,1,2,,,,1.0,1
1396,10612,1,2,2.0,1,1.0,1.0,1
1397,10602,1,2,1.0,1,2.0,1.0,0
1398,10617,1,2,,,,1.0,0
1399,10592,1,1,3.0,2,2.0,2.0,1
1400,10627,2,2,,,,2.0,0
1401,10622,2,2,,,,2.0,0
1402,10622,2,2,,,,2.0,0
1403,10627,2,2,,,,2.0,1
1404,10592,1,1,3.0,2,2.0,2.0,1
1405,10617,1,2,,,,1.0,1
1406,10602,1,2,1.0,1,2.0,1.0,1
1407,10612,1,2,2.0,1,1.0,1.0,0
1408,10607,1,2,,,,1.0,1
1409,10607,1,2,,,,1.0,1
1410,10612,1,2,2.0,1,1.0,1.0,0
1411,10602,1,2,1.0,1,2.0,1.0,1
1412,10602,1,2,1.0,1,2.0,1.0,1
1413,10602,1,2,1.0,1,2.0,1.0,1
1414,10602,1,2,1.0,1,2.0,1.0,1
1415,10627,2,2,,,,2.0,1
1416,10627,2,2,,,,2.0,1
1417,10627,2,2,,,,2.0,1
1418,10627,2,2,,,,2.0,1
1419,10627,2,2,,,,2.0,1
1420,10612,1,2,2.0,1,1.0,1.0,0
1421,10612,1,2,2.0,1,1.0,1.0,0
1422,10602,1,2,1.0,1,2.0,1.0,1
1423,10602,1,2,1.0,1,2.0,1.0,1
1424,10602,1,2,1.0,1,2.0,1.0,1
1425,10602,1,2,1.0,1,2.0,1.0,1
1426,10602,1,2,1.0,1,2.0,1.0,1
1427,10602,1,2,1.0,1,2.0,1.0,1
1428,10602,1,2,1.0,1,2.0,1.0,1
1429,10602,1,2,1.0,1,2.0,1.0,1
1430,10602,1,2,1.0,1,2.0,1.0,1
1431,10602,1,2,1.0,1,2.0,1.0,1
1432,10602,1,2,1.0,1,2.0,1.0,1
1433,10602,1,2,1.0,1,2.0,1.0,1
1434,10627,2,2,,,,2.0,1
1435,10627,2,2,,,,2.0,1
1436,10627,2,2,,,,2.0,1
1437,10627,2,2,,,,2.0,1
1438,10627,2,2,,,,2.0,1
1439,10592,1,1,3.0,4,1.0,1.0,Yes 
1440,10602,1,2,3.0,4,1.0,1.0,0
1441,10612,1,2,3.0,3,1.0,1.0,0
1442,10597,1,2,1.0,1,2.0,1.0,1
1443,10597,2,2,2.0,4,2.0,1.0,0
1444,10597,1,1,1.0,2,1.0,1.0,1
1445,10597,1,1,1.0,4,1.0,2.0,1
1446,10602,1,2,1.0,1,2.0,1.0,1
1447,10592,1,1,3.0,2,2.0,2.0,1
1448,10592,1,1,3.0,3,1.0,2.0,1
1449,10612,1,2,2.0,1,1.0,1.0,0
1450,10612,2,1,1.0,1,2.0,1.0,1
1451,10592,1,2,4.0,"System complexity (hard for front-office secretaries & admins to understand & maneuver), Lack of robustness (inability to handle & process big data instantaneously), Outdated Information Management systems.",1.0,1.0,1
1452,10607,1,2,,,,1.0,1
1453,10617,1,2,,,,1.0,1
1454,10622,2,2,,,,2.0,1
1455,10627,2,2,,,,2.0,1
1456,10592,1,1,3.0,2,2.0,2.0,1
1457,10592,1,1,3.0,3,1.0,2.0,1
1458,10592,1,1,3.0,2,2.0,2.0,1
1459,10592,1,1,3.0,3,1.0,2.0,1
1460,10592,1,1,3.0,2,2.0,2.0,1
1461,10592,1,1,3.0,3,1.0,2.0,1
1462,10612,1,2,2.0,1,1.0,1.0,0
1463,10592,1,1,3.0,4,1.0,1.0,1
1464,10597,1,2,1.0,1,2.0,1.0,1
1465,10592,1,1,3.0,2,2.0,2.0,1
1466,10592,1,1,3.0,3,1.0,2.0,1
1467,10617,1,2,,,,1.0,1
1468,10602,1,2,1.0,1,2.0,1.0,1
1469,10602,1,2,1.0,1,2.0,1.0,1
1470,10622,2,2,,,,2.0,1
1471,10617,1,2,,,,1.0,1
1472,10622,2,2,,,,2.0,1
1473,10602,1,2,1.0,1,2.0,1.0,1
1474,10617,1,2,,,,1.0,1
1475,10592,1,1,3.0,2,2.0,2.0,1
1476,10607,1,2,,,,1.0,1
1477,10592,1,1,3.0,3,1.0,2.0,1
1478,10627,2,2,,,,2.0,1
1479,10617,1,2,,,,1.0,1
1480,10592,1,1,3.0,3,1.0,2.0,1
1481,10592,1,1,3.0,3,1.0,2.0,1
1482,10612,1,2,2.0,1,1.0,1.0,0
1483,10597,1,2,1.0,1,2.0,1.0,1
1484,10592,1,1,3.0,3,1.0,2.0,1
1485,10622,2,2,,,,2.0,1
1486,10622,2,2,,,,2.0,1
1487,10607,1,2,,,,1.0,1
1488,10592,1,1,3.0,3,1.0,2.0,1
1489,10622,2,2,,,,2.0,1
1490,10597,1,2,1.0,1,2.0,1.0,1
1491,10617,1,2,,,,1.0,1
1492,10602,1,2,1.0,1,2.0,1.0,1
1493,10617,1,2,,,,1.0,1
1494,10622,2,2,,,,2.0,1
1495,10592,1,1,3.0,2,2.0,2.0,1
1496,10607,1,2,,,,1.0,1
1497,10627,2,2,,,,2.0,1
1498,10627,2,2,,,,2.0,1
1499,10592,1,1,3.0,4,1.0,1.0,1
1500,10627,2,2,,,,2.0,1
1501,10612,1,2,2.0,1,1.0,1.0,0
1502,10592,1,1,3.0,4,1.0,1.0,1
1503,10592,1,1,3.0,4,1.0,1.0,1
1504,10617,1,2,,,,1.0,1
1505,10602,1,2,1.0,1,2.0,1.0,1
1506,10627,2,2,,,,2.0,1
1507,10592,1,1,3.0,2,2.0,2.0,1
1508,10607,1,2,,,,1.0,1
1509,10592,1,1,3.0,2,2.0,2.0,1
1510,10607,1,2,,,,1.0,1
1511,10607,1,2,,,,1.0,1
1512,10612,1,2,2.0,1,1.0,1.0,0
1513,10592,1,1,3.0,2,2.0,2.0,1
1514,10627,2,2,,,,2.0,1
1515,10612,1,2,2.0,1,1.0,1.0,0
1516,10612,1,2,2.0,1,1.0,1.0,0
1517,10602,1,2,1.0,1,2.0,1.0,1
1518,10617,1,2,,,,1.0,1
1519,10602,1,2,1.0,1,2.0,1.0,1
1520,10612,1,2,2.0,1,1.0,1.0,0
1521,10627,2,2,,,,2.0,1
1522,10612,1,2,2.0,1,1.0,1.0,0
1523,10617,1,2,,,,1.0,1
1524,10602,1,2,1.0,1,2.0,1.0,1
1525,10602,1,2,1.0,1,2.0,1.0,1
1526,10612,1,2,2.0,1,1.0,1.0,0
1527,10597,1,2,1.0,1,2.0,1.0,1
1528,10597,1,2,1.0,1,2.0,1.0,1
1529,10607,1,2,,,,1.0,1
1530,10597,1,2,1.0,1,2.0,1.0,1
1531,10607,1,2,,,,1.0,1
1532,10597,1,2,1.0,1,2.0,1.0,1
1533,10607,1,2,,,,1.0,1
1534,10602,1,2,1.0,1,2.0,1.0,1
1535,10607,1,2,,,,1.0,1
1536,10627,2,2,,,,2.0,1
1537,10612,1,2,2.0,1,1.0,1.0,0
1538,10607,1,2,,,,1.0,1
1539,10622,2,2,,,,2.0,1
1540,10592,1,1,3.0,2,2.0,2.0,1
1541,10617,1,2,,,,1.0,1
1542,10612,1,2,2.0,1,1.0,1.0,0
1543,10617,1,2,,,,1.0,1
1544,10617,1,2,,,,1.0,1
1545,10627,2,2,,,,2.0,1
1546,10597,1,2,1.0,1,2.0,1.0,1
1547,10612,1,2,2.0,1,1.0,1.0,0
1548,10602,1,2,1.0,1,2.0,1.0,1
1549,10607,1,2,,,,1.0,1
1550,10617,1,2,,,,1.0,1
1551,10617,1,2,,,,1.0,1
1552,10622,2,2,,,,2.0,1
1553,10592,1,1,3.0,2,2.0,2.0,1
1554,10612,1,2,2.0,1,1.0,1.0,0
1555,10612,1,2,2.0,1,1.0,1.0,0
1556,10602,1,2,1.0,1,2.0,1.0,1
1557,10617,1,2,,,,1.0,1
1558,10627,2,2,,,,2.0,1
1559,10597,1,2,1.0,1,2.0,1.0,1
1560,10597,1,2,1.0,1,2.0,1.0,1
1561,10597,1,2,1.0,1,2.0,1.0,1
1562,10597,1,2,1.0,1,2.0,1.0,1
1563,10597,1,2,1.0,1,2.0,1.0,1
1564,10617,1,2,,,,1.0,1
1565,10612,1,2,2.0,1,1.0,1.0,0
1566,10597,1,2,1.0,1,2.0,1.0,1
1567,10592,1,1,3.0,2,2.0,2.0,1
1568,10607,1,2,,,,1.0,1
1569,10627,2,2,,,,2.0,1
1570,10627,2,2,,,,2.0,1
1571,10627,2,2,,,,2.0,1
1572,10592,1,1,3.0,2,2.0,2.0,1
1573,10597,1,2,1.0,1,2.0,1.0,1
1574,10597,1,2,1.0,1,2.0,1.0,1
1575,10592,1,1,3.0,2,2.0,2.0,1
1576,10612,1,2,2.0,1,1.0,1.0,0
1577,10612,1,2,2.0,1,1.0,1.0,0
1578,10597,1,2,1.0,1,2.0,1.0,1
1579,10607,1,2,,,,1.0,1
1580,10607,1,2,,,,1.0,1
1581,10597,1,2,1.0,1,2.0,1.0,1
1582,10627,2,2,,,,2.0,1
1583,10597,1,2,1.0,1,2.0,1.0,1
1584,10597,1,2,1.0,1,2.0,1.0,1
1585,10612,1,2,2.0,1,1.0,1.0,0
1586,10622,2,2,,,,2.0,1
1587,10622,2,2,,,,2.0,1
1588,10622,2,2,,,,2.0,1
1589,10622,2,2,,,,2.0,1
1590,10622,2,2,,,,2.0,1
1591,10622,2,2,,,,2.0,1
1592,10622,2,2,,,,2.0,1
1593,10622,2,2,,,,2.0,1
1594,10622,2,2,,,,2.0,1
1595,10627,2,2,,,,2.0,1
1596,10627,2,2,,,,2.0,1
1597,10612,1,2,2.0,1,1.0,1.0,0
1598,10592,1,1,3.0,2,2.0,2.0,1
1599,10592,1,1,3.0,2,2.0,2.0,1
1600,10592,1,1,3.0,2,2.0,2.0,1
1601,10597,1,2,1.0,1,2.0,1.0,1
1602,10627,2,2,,,,2.0,1
1603,10622,2,2,,,,2.0,1
1604,10607,1,2,,,,1.0,1
1605,10597,1,2,1.0,1,2.0,1.0,1
1606,10617,1,2,,,,1.0,1
1607,10617,1,2,,,,1.0,1
1608,10617,1,2,,,,1.0,1
1609,10597,1,2,1.0,1,2.0,1.0,1
1610,10592,1,1,3.0,4,1.0,1.0,1
1611,10602,1,2,3.0,4,1.0,1.0,0
1612,10612,1,2,3.0,3,1.0,1.0,0
1613,10597,1,2,1.0,1,2.0,1.0,1
1614,10597,2,2,2.0,4,2.0,1.0,0
1615,10597,1,1,1.0,2,1.0,1.0,1
1616,10597,1,1,1.0,4,1.0,2.0,1
1617,10602,1,2,1.0,1,2.0,1.0,1
1618,10592,1,1,3.0,2,2.0,2.0,1
1619,10592,1,1,3.0,3,1.0,2.0,1
1620,10612,1,2,2.0,1,1.0,1.0,0
1621,10612,2,1,1.0,1,2.0,1.0,1
1622,10592,1,2,4.0,"System complexity (hard for front-office secretaries & admins to understand & maneuver), Lack of robustness (inability to handle & process big data instantaneously), Outdated Information Management systems.",1.0,1.0, Yes
1623,10607,1,2,,,,1.0,1
1624,10617,1,2,,,,1.0,1
1625,10622,2,2,,,,2.0,1
1626,10627,2,2,,,,2.0,1
1627,10592,1,1,3.0,2,2.0,2.0,1
1628,10592,1,1,3.0,3,1.0,2.0,1
1629,10592,1,1,3.0,2,2.0,2.0,1
1630,10592,1,1,3.0,3,1.0,2.0,1
1631,10592,1,1,3.0,2,2.0,2.0,1
1632,10592,1,1,3.0,3,1.0,2.0,1
1633,10612,1,2,2.0,1,1.0,1.0,0
1634,10592,1,1,3.0,4,1.0,1.0,1
1635,10597,1,2,1.0,1,2.0,1.0,1
1636,10592,1,1,3.0,2,2.0,2.0,1
1637,10592,1,1,3.0,3,1.0,2.0,1
1638,10617,1,2,,,,1.0,1
1639,10602,1,2,1.0,1,2.0,1.0,1
1640,10602,1,2,1.0,1,2.0,1.0,1
1641,10622,2,2,,,,2.0,1
1642,10617,1,2,,,,1.0,1
1643,10622,2,2,,,,2.0,1
1644,10602,1,2,1.0,1,2.0,1.0,1
1645,10617,1,2,,,,1.0,1
1646,10592,1,1,3.0,2,2.0,2.0,1
1647,10607,1,2,,,,1.0,1
1648,10592,1,1,3.0,3,1.0,2.0,1
1649,10627,2,2,,,,2.0,1
1650,10617,1,2,,,,1.0,1
1651,10592,1,1,3.0,3,1.0,2.0,1
1652,10592,1,1,3.0,3,1.0,2.0,1
1653,10612,1,2,2.0,1,1.0,1.0,0
1654,10597,1,2,1.0,1,2.0,1.0,1
1655,10592,1,1,3.0,3,1.0,2.0,1
1656,10622,2,2,,,,2.0,1
1657,10622,2,2,,,,2.0,1
1658,10607,1,2,,,,1.0,1
1659,10592,1,1,3.0,3,1.0,2.0,1
1660,10622,2,2,,,,2.0,1
1661,10597,1,2,1.0,1,2.0,1.0,1
1662,10617,1,2,,,,1.0,1
1663,10602,1,2,1.0,1,2.0,1.0,1
1664,10617,1,2,,,,1.0,1
1665,10622,2,2,,,,2.0,1
1666,10592,1,1,3.0,2,2.0,2.0,1
1667,10607,1,2,,,,1.0,1
1668,10627,2,2,,,,2.0,1
1669,10627,2,2,,,,2.0,1
1670,10592,1,1,3.0,4,1.0,1.0,1
1671,10627,2,2,,,,2.0,1
1672,10612,1,2,2.0,1,1.0,1.0,0
1673,10592,1,1,3.0,4,1.0,1.0,1
1674,10592,1,1,3.0,4,1.0,1.0,1
1675,10617,1,2,,,,1.0,1
1676,10602,1,2,1.0,1,2.0,1.0,1
1677,10627,2,2,,,,2.0,1
1678,10592,1,1,3.0,2,2.0,2.0,1
1679,10607,1,2,,,,1.0,1
1680,10592,1,1,3.0,2,2.0,2.0,1
1681,10607,1,2,,,,1.0,1
1682,10607,1,2,,,,1.0,1
1683,10612,1,2,2.0,1,1.0,1.0,0
1684,10592,1,1,3.0,2,2.0,2.0,1
1685,10627,2,2,,,,2.0,1
1686,10612,1,2,2.0,1,1.0,1.0,0
1687,10612,1,2,2.0,1,1.0,1.0,0
1688,10602,1,2,1.0,1,2.0,1.0,1
1689,10617,1,2,,,,1.0,1
1690,10602,1,2,1.0,1,2.0,1.0,1
1691,10612,1,2,2.0,1,1.0,1.0,0
1692,10627,2,2,,,,2.0,1
1693,10612,1,2,2.0,1,1.0,1.0,0
1694,10617,1,2,,,,1.0,1
1695,10602,1,2,1.0,1,2.0,1.0,1
1696,10602,1,2,1.0,1,2.0,1.0,1
1697,10612,1,2,2.0,1,1.0,1.0,0
1698,10597,1,2,1.0,1,2.0,1.0,1
1699,10597,1,2,1.0,1,2.0,1.0,1
1700,10607,1,2,,,,1.0,1
1701,10597,1,2,1.0,1,2.0,1.0,1
1702,10607,1,2,,,,1.0,1
1703,10597,1,2,1.0,1,2.0,1.0,1
1704,10607,1,2,,,,1.0,1
1705,10602,1,2,1.0,1,2.0,1.0,1
1706,10607,1,2,,,,1.0,1
1707,10627,2,2,,,,2.0,1
1708,10612,1,2,2.0,1,1.0,1.0,0
1709,10607,1,2,,,,1.0,1
1710,10622,2,2,,,,2.0,1
1711,10592,1,1,3.0,2,2.0,2.0,1
1712,10617,1,2,,,,1.0,1
1713,10612,1,2,2.0,1,1.0,1.0,0
1714,10617,1,2,,,,1.0,1
1715,10617,1,2,,,,1.0,1
1716,10627,2,2,,,,2.0,1
1717,10597,1,2,1.0,1,2.0,1.0,1
1718,10612,1,2,2.0,1,1.0,1.0,0
1719,10602,1,2,1.0,1,2.0,1.0,1
1720,10607,1,2,,,,1.0,1
1721,10617,1,2,,,,1.0,1
1722,10617,1,2,,,,1.0,1
1723,10622,2,2,,,,2.0,1
1724,10592,1,1,3.0,2,2.0,2.0,1
1725,10612,1,2,2.0,1,1.0,1.0,0
1726,10612,1,2,2.0,1,1.0,1.0,0
1727,10602,1,2,1.0,1,2.0,1.0,1
1728,10617,1,2,,,,1.0,1
1729,10627,2,2,,,,2.0,1
1730,10597,1,2,1.0,1,2.0,1.0,1
1731,10597,1,2,1.0,1,2.0,1.0,1
1732,10597,1,2,1.0,1,2.0,1.0,1
1733,10597,1,2,1.0,1,2.0,1.0,1
1734,10597,1,2,1.0,1,2.0,1.0,1
1735,10617,1,2,,,,1.0,1
1736,10612,1,2,2.0,1,1.0,1.0,0
1737,10597,1,2,1.0,1,2.0,1.0,1
1738,10592,1,1,3.0,2,2.0,2.0,1
1739,10607,1,2,,,,1.0,1
1740,10627,2,2,,,,2.0,1
1741,10627,2,2,,,,2.0,1
1742,10627,2,2,,,,2.0,1
1743,10592,1,1,3.0,2,2.0,2.0,1
1744,10597,1,2,1.0,1,2.0,1.0,1
1745,10597,1,2,1.0,1,2.0,1.0,1
1746,10592,1,1,3.0,2,2.0,2.0,1
1747,10612,1,2,2.0,1,1.0,1.0,0
1748,10612,1,2,2.0,1,1.0,1.0,0
1749,10597,1,2,1.0,1,2.0,1.0,1
1750,10607,1,2,,,,1.0,1
1751,10607,1,2,,,,1.0,1
1752,10597,1,2,1.0,1,2.0,1.0,1
1753,10627,2,2,,,,2.0,1
1754,10597,1,2,1.0,1,2.0,1.0,1
1755,10597,1,2,1.0,1,2.0,1.0,1
1756,10612,1,2,2.0,1,1.0,1.0,0
1757,10622,2,2,,,,2.0,1
1758,10622,2,2,,,,2.0,1
1759,10622,2,2,,,,2.0,1
1760,10622,2,2,,,,2.0,1
1761,10622,2,2,,,,2.0,1
1762,10622,2,2,,,,2.0,1
1763,10622,2,2,,,,2.0,1
1764,10622,2,2,,,,2.0,1
1765,10622,2,2,,,,2.0,1
1766,10627,2,2,,,,2.0,1
1767,10627,2,2,,,,2.0,1
1768,10612,1,2,2.0,1,1.0,1.0,0
1769,10592,1,1,3.0,2,2.0,2.0,1
1770,10592,1,1,3.0,2,2.0,2.0,1
1771,10592,1,1,3.0,2,2.0,2.0,1
1772,10597,1,2,1.0,1,2.0,1.0,1
1773,10627,2,2,,,,2.0,1
1774,10622,2,2,,,,2.0,1
1775,10607,1,2,,,,1.0,1
1776,10597,1,2,1.0,1,2.0,1.0,1
1777,10617,1,2,,,,1.0,1
1778,10617,1,2,,,,1.0,1
1779,10617,1,2,,,,1.0,1
1780,10597,1,2,1.0,1,2.0,1.0,1
1781,10592,1,1,3.0,4,1.0,1.0,1
1782,10602,1,2,3.0,4,1.0,1.0,0
1783,10612,1,2,3.0,3,1.0,1.0,0
1784,10597,1,2,1.0,1,2.0,1.0,1
1785,10597,2,2,2.0,4,2.0,1.0,0
1786,10597,1,1,1.0,2,1.0,1.0,1
1787,10597,1,1,1.0,4,1.0,2.0,1
1788,10602,1,2,1.0,1,2.0,1.0,1
1789,10592,1,1,3.0,2,2.0,2.0,1
1790,10592,1,1,3.0,3,1.0,2.0,1
1791,10612,1,2,2.0,1,1.0,1.0,0
1792,10612,2,1,1.0,1,2.0,1.0,1
1793,10592,1,2,4.0,"System complexity (hard for front-office secretaries & admins to understand & maneuver), Lack of robustness (inability to handle & process big data instantaneously), Outdated Information Management systems.",1.0,1.0, Yes
1794,10607,1,2,,,,1.0,1
1795,10617,1,2,,,,1.0,1
1796,10622,2,2,,,,2.0,1
1797,10627,2,2,,,,2.0,1
1798,10592,1,1,3.0,2,2.0,2.0,1
1799,10592,1,1,3.0,3,1.0,2.0,1
1800,10592,1,1,3.0,2,2.0,2.0,1
1801,10592,1,1,3.0,3,1.0,2.0,1
1802,10592,1,1,3.0,2,2.0,2.0,1
1803,10592,1,1,3.0,3,1.0,2.0,1
1804,10612,1,2,2.0,1,1.0,1.0,0
1805,10592,1,1,3.0,4,1.0,1.0,1
1806,10597,1,2,1.0,1,2.0,1.0,1
1807,10592,1,1,3.0,2,2.0,2.0,1
1808,10592,1,1,3.0,3,1.0,2.0,1
1809,10617,1,2,,,,1.0,1
1810,10602,1,2,1.0,1,2.0,1.0,1
1811,10602,1,2,1.0,1,2.0,1.0,1
1812,10622,2,2,,,,2.0,1
1813,10617,1,2,,,,1.0,1
1814,10622,2,2,,,,2.0,1
1815,10602,1,2,1.0,1,2.0,1.0,1
1816,10617,1,2,,,,1.0,1
1817,10592,1,1,3.0,2,2.0,2.0,1
1818,10607,1,2,,,,1.0,1
1819,10592,1,1,3.0,3,1.0,2.0,1
1820,10627,2,2,,,,2.0,1
1821,10617,1,2,,,,1.0,1
1822,10592,1,1,3.0,3,1.0,2.0,1
1823,10592,1,1,3.0,3,1.0,2.0,1
1824,10612,1,2,2.0,1,1.0,1.0,0
1825,10597,1,2,1.0,1,2.0,1.0,1
1826,10592,1,1,3.0,3,1.0,2.0,1
1827,10622,2,2,,,,2.0,1
1828,10622,2,2,,,,2.0,1
1829,10607,1,2,,,,1.0,1
1830,10592,1,1,3.0,3,1.0,2.0,1
1831,10622,2,2,,,,2.0,1
1832,10597,1,2,1.0,1,2.0,1.0,1
1833,10617,1,2,,,,1.0,1
1834,10602,1,2,1.0,1,2.0,1.0,1
1835,10617,1,2,,,,1.0,1
1836,10622,2,2,,,,2.0,1
1837,10592,1,1,3.0,2,2.0,2.0,1
1838,10607,1,2,,,,1.0,1
1839,10627,2,2,,,,2.0,1
1840,10627,2,2,,,,2.0,1
1841,10592,1,1,3.0,4,1.0,1.0,1
1842,10627,2,2,,,,2.0,1
1843,10612,1,2,2.0,1,1.0,1.0,0
1844,10592,1,1,3.0,4,1.0,1.0,1
1845,10592,1,1,3.0,4,1.0,1.0,1
1846,10617,1,2,,,,1.0,1
1847,10602,1,2,1.0,1,2.0,1.0,1
1848,10627,2,2,,,,2.0,1
1849,10592,1,1,3.0,2,2.0,2.0,1
1850,10607,1,2,,,,1.0,1
1851,10592,1,1,3.0,2,2.0,2.0,1
1852,10607,1,2,,,,1.0,1
1853,10607,1,2,,,,1.0,1
1854,10612,1,2,2.0,1,1.0,1.0,0
1855,10592,1,1,3.0,2,2.0,2.0,1
1856,10627,2,2,,,,2.0,1
1857,10612,1,2,2.0,1,1.0,1.0,0
1858,10612,1,2,2.0,1,1.0,1.0,0
1859,10602,1,2,1.0,1,2.0,1.0,1
1860,10617,1,2,,,,1.0,1
1861,10602,1,2,1.0,1,2.0,1.0,1
1862,10612,1,2,2.0,1,1.0,1.0,0
1863,10627,2,2,,,,2.0,1
1864,10612,1,2,2.0,1,1.0,1.0,0
1865,10617,1,2,,,,1.0,1
1866,10602,1,2,1.0,1,2.0,1.0,1
1867,10602,1,2,1.0,1,2.0,1.0,1
1868,10612,1,2,2.0,1,1.0,1.0,0
1869,10597,1,2,1.0,1,2.0,1.0,1
1870,10597,1,2,1.0,1,2.0,1.0,1
1871,10607,1,2,,,,1.0,1
1872,10597,1,2,1.0,1,2.0,1.0,1
1873,10607,1,2,,,,1.0,1
1874,10597,1,2,1.0,1,2.0,1.0,1
1875,10607,1,2,,,,1.0,1
1876,10602,1,2,1.0,1,2.0,1.0,1
1877,10607,1,2,,,,1.0,1
1878,10627,2,2,,,,2.0,1
1879,10612,1,2,2.0,1,1.0,1.0,0
1880,10607,1,2,,,,1.0,1
1881,10622,2,2,,,,2.0,1
1882,10592,1,1,3.0,2,2.0,2.0,1
1883,10617,1,2,,,,1.0,1
1884,10612,1,2,2.0,1,1.0,1.0,0
1885,10617,1,2,,,,1.0,1
1886,10617,1,2,,,,1.0,1
1887,10627,2,2,,,,2.0,1
1888,10597,1,2,1.0,1,2.0,1.0,1
1889,10612,1,2,2.0,1,1.0,1.0,0
1890,10602,1,2,1.0,1,2.0,1.0,1
1891,10607,1,2,,,,1.0,1
1892,10617,1,2,,,,1.0,1
1893,10617,1,2,,,,1.0,1
1894,10622,2,2,,,,2.0,1
1895,10592,1,1,3.0,2,2.0,2.0,1
1896,10612,1,2,2.0,1,1.0,1.0,0
1897,10612,1,2,2.0,1,1.0,1.0,0
1898,10602,1,2,1.0,1,2.0,1.0,1
1899,10617,1,2,,,,1.0,1
1900,10627,2,2,,,,2.0,1
1901,10597,1,2,1.0,1,2.0,1.0,1
1902,10597,1,2,1.0,1,2.0,1.0,1
1903,10597,1,2,1.0,1,2.0,1.0,1
1904,10597,1,2,1.0,1,2.0,1.0,1
1905,10597,1,2,1.0,1,2.0,1.0,1
1906,10617,1,2,,,,1.0,1
1907,10612,1,2,2.0,1,1.0,1.0,0
1908,10597,1,2,1.0,1,2.0,1.0,1
1909,10592,1,1,3.0,2,2.0,2.0,1
1910,10607,1,2,,,,1.0,1
1911,10627,2,2,,,,2.0,1
1912,10627,2,2,,,,2.0,1
1913,10627,2,2,,,,2.0,1
1914,10592,1,1,3.0,2,2.0,2.0,1
1915,10597,1,2,1.0,1,2.0,1.0,1
1916,10597,1,2,1.0,1,2.0,1.0,1
1917,10592,1,1,3.0,2,2.0,2.0,1
1918,10612,1,2,2.0,1,1.0,1.0,0
1919,10612,1,2,2.0,1,1.0,1.0,0
1920,10597,1,2,1.0,1,2.0,1.0,1
1921,10607,1,2,,,,1.0,1
1922,10607,1,2,,,,1.0,1
1923,10597,1,2,1.0,1,2.0,1.0,1
1924,10627,2,2,,,,2.0,1
1925,10597,1,2,1.0,1,2.0,1.0,1
1926,10597,1,2,1.0,1,2.0,1.0,1
1927,10612,1,2,2.0,1,1.0,1.0,0
1928,10622,2,2,,,,2.0,1
1929,10622,2,2,,,,2.0,1
1930,10622,2,2,,,,2.0,1
1931,10622,2,2,,,,2.0,1
1932,10622,2,2,,,,2.0,1
1933,10622,2,2,,,,2.0,1
1934,10622,2,2,,,,2.0,1
1935,10622,2,2,,,,2.0,1
1936,10622,2,2,,,,2.0,1
1937,10627,2,2,,,,2.0,1
1938,10627,2,2,,,,2.0,1
1939,10612,1,2,2.0,1,1.0,1.0,0
1940,10592,1,1,3.0,2,2.0,2.0,1
1941,10592,1,1,3.0,2,2.0,2.0,1
1942,10592,1,1,3.0,2,2.0,2.0,1
1943,10597,1,2,1.0,1,2.0,1.0,1
1944,10627,2,2,,,,2.0,1
1945,10622,2,2,,,,2.0,1
1946,10607,1,2,,,,1.0,1
1947,10597,1,2,1.0,1,2.0,1.0,1
1948,10617,1,2,,,,1.0,1
1949,10617,1,2,,,,1.0,1
1950,10617,1,2,,,,1.0,1
1951,10597,1,2,1.0,1,2.0,1.0,1
1952,10592,1,1,3.0,4,1.0,1.0,1
1953,10592,1,1,3.0,4,1.0,1.0,1
1954,10592,1,1,3.0,4,1.0,1.0,1
1955,10592,1,1,3.0,4,1.0,1.0,1
1956,10592,1,1,3.0,4,1.0,1.0,1
1957,10592,1,1,3.0,4,1.0,1.0,1
1958,10602,1,2,3.0,4,1.0,1.0,0
1959,10612,1,2,3.0,3,1.0,1.0,0
1960,10597,1,2,1.0,1,2.0,1.0,1
1961,10597,2,2,2.0,4,2.0,1.0,0
1962,10597,1,1,1.0,2,1.0,1.0,1
1963,10597,1,1,1.0,4,1.0,2.0,1
1964,10602,1,2,1.0,1,2.0,1.0,1
1965,10592,1,1,3.0,2,2.0,2.0,1
1966,10592,1,1,3.0,3,1.0,2.0,1
1967,10612,1,2,2.0,1,1.0,1.0,0
1968,10612,2,1,1.0,1,2.0,1.0,1
1969,10592,1,2,4.0,"System complexity (hard for front-office secretaries & admins to understand & maneuver), Lack of robustness (inability to handle & process big data instantaneously), Outdated Information Management systems.",1.0,1.0, Yes
1970,10607,1,2,,,,1.0,1
1971,10617,1,2,,,,1.0,1
1972,10622,2,2,,,,2.0,1
1973,10627,2,2,,,,2.0,1
1974,10592,1,1,3.0,2,2.0,2.0,1
1975,10592,1,1,3.0,3,1.0,2.0,1
1976,10592,1,1,3.0,2,2.0,2.0,1
1977,10592,1,1,3.0,3,1.0,2.0,1
1978,10592,1,1,3.0,2,2.0,2.0,1
1979,10592,1,1,3.0,3,1.0,2.0,1
1980,10612,1,2,2.0,1,1.0,1.0,0
1981,10592,1,1,3.0,4,1.0,1.0,1
1982,10597,1,2,1.0,1,2.0,1.0,1
1983,10592,1,1,3.0,2,2.0,2.0,1
1984,10592,1,1,3.0,3,1.0,2.0,1
1985,10617,1,2,,,,1.0,1
1986,10602,1,2,1.0,1,2.0,1.0,1
1987,10602,1,2,1.0,1,2.0,1.0,1
1988,10622,2,2,,,,2.0,1
1989,10617,1,2,,,,1.0,1
1990,10622,2,2,,,,2.0,1
1991,10602,1,2,1.0,1,2.0,1.0,1
1992,10617,1,2,,,,1.0,1
1993,10592,1,1,3.0,2,2.0,2.0,1
1994,10607,1,2,,,,1.0,1
1995,10592,1,1,3.0,3,1.0,2.0,1
1996,10627,2,2,,,,2.0,1
1997,10617,1,2,,,,1.0,1
1998,10592,1,1,3.0,3,1.0,2.0,1
1999,10592,1,1,3.0,3,1.0,2.0,1
2000,10612,1,2,2.0,1,1.0,1.0,0
2001,10597,1,2,1.0,1,2.0,1.0,1
2002,10592,1,1,3.0,3,1.0,2.0,1
2003,10622,2,2,,,,2.0,1
2004,10622,2,2,,,,2.0,1
2005,10607,1,2,,,,1.0,1
2006,10592,1,1,3.0,3,1.0,2.0,1
2007,10622,2,2,,,,2.0,1
2008,10597,1,2,1.0,1,2.0,1.0,1
2009,10617,1,2,,,,1.0,1
2010,10602,1,2,1.0,1,2.0,1.0,1
2011,10617,1,2,,,,1.0,1
2012,10622,2,2,,,,2.0,1
2013,10592,1,1,3.0,2,2.0,2.0,1
2014,10607,1,2,,,,1.0,1
2015,10627,2,2,,,,2.0,1
2016,10627,2,2,,,,2.0,1
2017,10592,1,1,3.0,4,1.0,1.0,1
2018,10627,2,2,,,,2.0,1
2019,10612,1,2,2.0,1,1.0,1.0,0
2020,10592,1,1,3.0,4,1.0,1.0,1
2021,10592,1,1,3.0,4,1.0,1.0,1
2022,10617,1,2,,,,1.0,1
2023,10602,1,2,1.0,1,2.0,1.0,1
2024,10627,2,2,,,,2.0,1
2025,10592,1,1,3.0,2,2.0,2.0,1
2026,10607,1,2,,,,1.0,1
2027,10592,1,1,3.0,2,2.0,2.0,1
2028,10607,1,2,,,,1.0,1
2029,10607,1,2,,,,1.0,1
2030,10612,1,2,2.0,1,1.0,1.0,0
2031,10592,1,1,3.0,2,2.0,2.0,1
2032,10627,2,2,,,,2.0,1
2033,10612,1,2,2.0,1,1.0,1.0,0
2034,10612,1,2,2.0,1,1.0,1.0,0
2035,10602,1,2,1.0,1,2.0,1.0,1
2036,10617,1,2,,,,1.0,1
2037,10602,1,2,1.0,1,2.0,1.0,1
2038,10612,1,2,2.0,1,1.0,1.0,0
2039,10627,2,2,,,,2.0,1
2040,10612,1,2,2.0,1,1.0,1.0,0
2041,10617,1,2,,,,1.0,1
2042,10602,1,2,1.0,1,2.0,1.0,1
2043,10602,1,2,1.0,1,2.0,1.0,1
2044,10612,1,2,2.0,1,1.0,1.0,0
2045,10597,1,2,1.0,1,2.0,1.0,1
2046,10597,1,2,1.0,1,2.0,1.0,1
2047,10607,1,2,,,,1.0,1
2048,10597,1,2,1.0,1,2.0,1.0,1
2049,10607,1,2,,,,1.0,1
2050,10597,1,2,1.0,1,2.0,1.0,1
2051,10607,1,2,,,,1.0,1
2052,10602,1,2,1.0,1,2.0,1.0,1
2053,10607,1,2,,,,1.0,1
2054,10627,2,2,,,,2.0,1
2055,10612,1,2,2.0,1,1.0,1.0,0
2056,10607,1,2,,,,1.0,1
2057,10622,2,2,,,,2.0,1
2058,10592,1,1,3.0,2,2.0,2.0,1
2059,10617,1,2,,,,1.0,1
2060,10612,1,2,2.0,1,1.0,1.0,0
2061,10617,1,2,,,,1.0,1
2062,10617,1,2,,,,1.0,1
2063,10627,2,2,,,,2.0,1
2064,10597,1,2,1.0,1,2.0,1.0,1
2065,10612,1,2,2.0,1,1.0,1.0,0
2066,10602,1,2,1.0,1,2.0,1.0,1
2067,10607,1,2,,,,1.0,1
2068,10617,1,2,,,,1.0,1
2069,10617,1,2,,,,1.0,1
2070,10622,2,2,,,,2.0,1
2071,10592,1,1,3.0,2,2.0,2.0,1
2072,10612,1,2,2.0,1,1.0,1.0,0
2073,10612,1,2,2.0,1,1.0,1.0,0
2074,10602,1,2,1.0,1,2.0,1.0,1
2075,10617,1,2,,,,1.0,1
2076,10627,2,2,,,,2.0,1
2077,10597,1,2,1.0,1,2.0,1.0,1
2078,10597,1,2,1.0,1,2.0,1.0,1
2079,10597,1,2,1.0,1,2.0,1.0,1
2080,10597,1,2,1.0,1,2.0,1.0,1
2081,10597,1,2,1.0,1,2.0,1.0,1
2082,10617,1,2,,,,1.0,1
2083,10612,1,2,2.0,1,1.0,1.0,0
2084,10597,1,2,1.0,1,2.0,1.0,1
2085,10592,1,1,3.0,2,2.0,2.0,1
2086,10607,1,2,,,,1.0,1
2087,10627,2,2,,,,2.0,1
2088,10627,2,2,,,,2.0,1
2089,10627,2,2,,,,2.0,1
2090,10592,1,1,3.0,2,2.0,2.0,1
2091,10597,1,2,1.0,1,2.0,1.0,1
2092,10597,1,2,1.0,1,2.0,1.0,1
2093,10592,1,1,3.0,2,2.0,2.0,1
2094,10612,1,2,2.0,1,1.0,1.0,0
2095,10612,1,2,2.0,1,1.0,1.0,0
2096,10597,1,2,1.0,1,2.0,1.0,1
2097,10607,1,2,,,,1.0,1
2098,10607,1,2,,,,1.0,1
2099,10597,1,2,1.0,1,2.0,1.0,1
2100,10627,2,2,,,,2.0,1
2101,10597,1,2,1.0,1,2.0,1.0,1
2102,10597,1,2,1.0,1,2.0,1.0,1
2103,10612,1,2,2.0,1,1.0,1.0,0
2104,10622,2,2,,,,2.0,1
2105,10622,2,2,,,,2.0,1
2106,10622,2,2,,,,2.0,1
2107,10622,2,2,,,,2.0,1
2108,10622,2,2,,,,2.0,1
2109,10622,2,2,,,,2.0,1
2110,10622,2,2,,,,2.0,1
2111,10622,2,2,,,,2.0,1
2112,10622,2,2,,,,2.0,1
2113,10627,2,2,,,,2.0,1
2114,10627,2,2,,,,2.0,1
2115,10612,1,2,2.0,1,1.0,1.0,0
2116,10592,1,1,3.0,2,2.0,2.0,1
2117,10592,1,1,3.0,2,2.0,2.0,1
2118,10592,1,1,3.0,2,2.0,2.0,1
2119,10597,1,2,1.0,1,2.0,1.0,1
2120,10627,2,2,,,,2.0,1
2121,10622,2,2,,,,2.0,1
2122,10607,1,2,,,,1.0,1
2123,10597,1,2,1.0,1,2.0,1.0,1
2124,10617,1,2,,,,1.0,1
2125,10617,1,2,,,,1.0,1
2126,10617,1,2,,,,1.0,1
2127,10597,1,2,1.0,1,2.0,1.0,1
2128,10592,1,1,3.0,4,1.0,1.0,1
2129,10602,1,2,3.0,4,1.0,1.0,0
2130,10612,1,2,3.0,3,1.0,1.0,0
2131,10597,1,2,1.0,1,2.0,1.0,1
2132,10597,2,2,2.0,4,2.0,1.0,0
2133,10597,1,1,1.0,2,1.0,1.0,1
2134,10597,1,1,1.0,4,1.0,2.0,1
2135,10602,1,2,1.0,1,2.0,1.0,1
2136,10592,1,1,3.0,2,2.0,2.0,1
2137,10592,1,1,3.0,3,1.0,2.0,1
2138,10612,1,2,2.0,1,1.0,1.0,0
2139,10612,2,1,1.0,1,2.0,1.0,1
2140,10592,1,2,4.0,"System complexity (hard for front-office secretaries & admins to understand & maneuver), Lack of robustness (inability to handle & process big data instantaneously), Outdated Information Management systems.",1.0,1.0, Yes
2141,10607,1,2,,,,1.0,1
2142,10617,1,2,,,,1.0,1
2143,10622,2,2,,,,2.0,1
2144,10627,2,2,,,,2.0,1
2145,10592,1,1,3.0,2,2.0,2.0,1
2146,10592,1,1,3.0,3,1.0,2.0,1
2147,10592,1,1,3.0,2,2.0,2.0,1
2148,10592,1,1,3.0,3,1.0,2.0,1
2149,10592,1,1,3.0,2,2.0,2.0,1
2150,10592,1,1,3.0,3,1.0,2.0,1
2151,10612,1,2,2.0,1,1.0,1.0,0
2152,10592,1,1,3.0,4,1.0,1.0,1
2153,10597,1,2,1.0,1,2.0,1.0,1
2154,10592,1,1,3.0,2,2.0,2.0,1
2155,10592,1,1,3.0,3,1.0,2.0,1
2156,10617,1,2,,,,1.0,1
2157,10602,1,2,1.0,1,2.0,1.0,1
2158,10602,1,2,1.0,1,2.0,1.0,1
2159,10622,2,2,,,,2.0,1
2160,10617,1,2,,,,1.0,1
2161,10622,2,2,,,,2.0,1
2162,10602,1,2,1.0,1,2.0,1.0,1
2163,10617,1,2,,,,1.0,1
2164,10592,1,1,3.0,2,2.0,2.0,1
2165,10607,1,2,,,,1.0,1
2166,10592,1,1,3.0,3,1.0,2.0,1
2167,10627,2,2,,,,2.0,1
2168,10617,1,2,,,,1.0,1
2169,10592,1,1,3.0,3,1.0,2.0,1
2170,10592,1,1,3.0,3,1.0,2.0,1
2171,10612,1,2,2.0,1,1.0,1.0,0
2172,10597,1,2,1.0,1,2.0,1.0,1
2173,10592,1,1,3.0,3,1.0,2.0,1
2174,10622,2,2,,,,2.0,1
2175,10622,2,2,,,,2.0,1
2176,10607,1,2,,,,1.0,1
2177,10592,1,1,3.0,3,1.0,2.0,1
2178,10622,2,2,,,,2.0,1
2179,10597,1,2,1.0,1,2.0,1.0,1
2180,10617,1,2,,,,1.0,1
2181,10602,1,2,1.0,1,2.0,1.0,1
2182,10617,1,2,,,,1.0,1
2183,10622,2,2,,,,2.0,1
2184,10592,1,1,3.0,2,2.0,2.0,1
2185,10607,1,2,,,,1.0,1
2186,10627,2,2,,,,2.0,1
2187,10627,2,2,,,,2.0,1
2188,10592,1,1,3.0,4,1.0,1.0,1
2189,10627,2,2,,,,2.0,1
2190,10612,1,2,2.0,1,1.0,1.0,0
2191,10592,1,1,3.0,4,1.0,1.0,1
2192,10592,1,1,3.0,4,1.0,1.0,1
2193,10617,1,2,,,,1.0,1
2194,10602,1,2,1.0,1,2.0,1.0,1
2195,10627,2,2,,,,2.0,1
2196,10592,1,1,3.0,2,2.0,2.0,1
2197,10607,1,2,,,,1.0,1
2198,10592,1,1,3.0,2,2.0,2.0,1
2199,10607,1,2,,,,1.0,1
2200,10607,1,2,,,,1.0,1
2201,10612,1,2,2.0,1,1.0,1.0,0
2202,10592,1,1,3.0,2,2.0,2.0,1
2203,10627,2,2,,,,2.0,1
2204,10612,1,2,2.0,1,1.0,1.0,0
2205,10612,1,2,2.0,1,1.0,1.0,0
2206,10602,1,2,1.0,1,2.0,1.0,1
2207,10617,1,2,,,,1.0,1
2208,10602,1,2,1.0,1,2.0,1.0,1
2209,10612,1,2,2.0,1,1.0,1.0,0
2210,10627,2,2,,,,2.0,1
2211,10612,1,2,2.0,1,1.0,1.0,0
2212,10617,1,2,,,,1.0,1
2213,10602,1,2,1.0,1,2.0,1.0,1
2214,10602,1,2,1.0,1,2.0,1.0,1
2215,10612,1,2,2.0,1,1.0,1.0,0
2216,10597,1,2,1.0,1,2.0,1.0,1
2217,10597,1,2,1.0,1,2.0,1.0,1
2218,10607,1,2,,,,1.0,1
2219,10597,1,2,1.0,1,2.0,1.0,1
2220,10607,1,2,,,,1.0,1
2221,10597,1,2,1.0,1,2.0,1.0,1
2222,10607,1,2,,,,1.0,1
2223,10602,1,2,1.0,1,2.0,1.0,1
2224,10607,1,2,,,,1.0,1
2225,10627,2,2,,,,2.0,1
2226,10612,1,2,2.0,1,1.0,1.0,0
2227,10607,1,2,,,,1.0,1
2228,10622,2,2,,,,2.0,1
2229,10592,1,1,3.0,2,2.0,2.0,1
2230,10617,1,2,,,,1.0,1
2231,10612,1,2,2.0,1,1.0,1.0,0
2232,10617,1,2,,,,1.0,1
2233,10617,1,2,,,,1.0,1
2234,10627,2,2,,,,2.0,1
2235,10597,1,2,1.0,1,2.0,1.0,1
2236,10612,1,2,2.0,1,1.0,1.0,0
2237,10602,1,2,1.0,1,2.0,1.0,1
2238,10607,1,2,,,,1.0,1
2239,10617,1,2,,,,1.0,1
2240,10617,1,2,,,,1.0,1
2241,10622,2,2,,,,2.0,1
2242,10592,1,1,3.0,2,2.0,2.0,1
2243,10612,1,2,2.0,1,1.0,1.0,0
2244,10612,1,2,2.0,1,1.0,1.0,0
2245,10602,1,2,1.0,1,2.0,1.0,1
2246,10617,1,2,,,,1.0,1
2247,10627,2,2,,,,2.0,1
2248,10597,1,2,1.0,1,2.0,1.0,1
2249,10597,1,2,1.0,1,2.0,1.0,1
2250,10597,1,2,1.0,1,2.0,1.0,1
2251,10597,1,2,1.0,1,2.0,1.0,1
2252,10597,1,2,1.0,1,2.0,1.0,1
2253,10617,1,2,,,,1.0,1
2254,10612,1,2,2.0,1,1.0,1.0,0
2255,10597,1,2,1.0,1,2.0,1.0,1
2256,10592,1,1,3.0,2,2.0,2.0,1
2257,10607,1,2,,,,1.0,1
2258,10627,2,2,,,,2.0,1
2259,10627,2,2,,,,2.0,1
2260,10627,2,2,,,,2.0,1
2261,10592,1,1,3.0,2,2.0,2.0,1
2262,10597,1,2,1.0,1,2.0,1.0,1
2263,10597,1,2,1.0,1,2.0,1.0,1
2264,10592,1,1,3.0,2,2.0,2.0,1
2265,10612,1,2,2.0,1,1.0,1.0,0
2266,10612,1,2,2.0,1,1.0,1.0,0
2267,10597,1,2,1.0,1,2.0,1.0,1
2268,10607,1,2,,,,1.0,1
2269,10607,1,2,,,,1.0,1
2270,10597,1,2,1.0,1,2.0,1.0,1
2271,10627,2,2,,,,2.0,1
2272,10597,1,2,1.0,1,2.0,1.0,1
2273,10597,1,2,1.0,1,2.0,1.0,1
2274,10612,1,2,2.0,1,1.0,1.0,0
2275,10622,2,2,,,,2.0,1
2276,10622,2,2,,,,2.0,1
2277,10622,2,2,,,,2.0,1
2278,10622,2,2,,,,2.0,1
2279,10622,2,2,,,,2.0,1
2280,10622,2,2,,,,2.0,1
2281,10622,2,2,,,,2.0,1
2282,10622,2,2,,,,2.0,1
2283,10622,2,2,,,,2.0,1
2284,10627,2,2,,,,2.0,1
2285,10627,2,2,,,,2.0,1
2286,10612,1,2,2.0,1,1.0,1.0,0
2287,10592,1,1,3.0,2,2.0,2.0,1
2288,10592,1,1,3.0,2,2.0,2.0,1
2289,10592,1,1,3.0,2,2.0,2.0,1
2290,10597,1,2,1.0,1,2.0,1.0,1
2291,10627,2,2,,,,2.0,1
2292,10622,2,2,,,,2.0,1
2293,10607,1,2,,,,1.0,1
2294,10597,1,2,1.0,1,2.0,1.0,1
2295,10617,1,2,,,,1.0,1
2296,10617,1,2,,,,1.0,1
2297,10617,1,2,,,,1.0,1
2298,10597,1,2,1.0,1,2.0,1.0,1
2299,10592,1,1,3.0,4,1.0,1.0,1
2300,10602,1,2,3.0,4,1.0,1.0,0
2301,10612,1,2,3.0,3,1.0,1.0,0
2302,10592,1,1,3.0,4,1.0,1.0,Yes 
2303,10602,1,2,3.0,4,1.0,1.0,0
2304,10612,1,2,3.0,3,1.0,1.0,0
2305,10597,1,2,1.0,1,2.0,1.0,1
2306,10597,2,2,2.0,4,2.0,1.0,0
2307,10597,1,1,1.0,2,1.0,1.0,1
2308,10597,1,1,1.0,4,1.0,2.0,1
2309,10602,1,2,1.0,1,2.0,1.0,1
2310,10592,1,1,3.0,2,2.0,2.0,1
2311,10592,1,1,3.0,3,1.0,2.0,1
2312,10612,1,2,2.0,1,1.0,1.0,0
2313,10612,2,1,1.0,1,2.0,1.0,1
2314,10592,1,2,4.0,"System complexity (hard for front-office secretaries & admins to understand & maneuver), Lack of robustness (inability to handle & process big data instantaneously), Outdated Information Management systems.",1.0,1.0,1
2315,10607,1,2,,,,1.0,1
2316,10617,1,2,,,,1.0,1
2317,10622,2,2,,,,2.0,1
2318,10627,2,2,,,,2.0,1
2319,10592,1,1,3.0,2,2.0,2.0,1
2320,10592,1,1,3.0,3,1.0,2.0,1
2321,10592,1,1,3.0,2,2.0,2.0,1
2322,10592,1,1,3.0,3,1.0,2.0,1
2323,10592,1,1,3.0,2,2.0,2.0,1
2324,10592,1,1,3.0,3,1.0,2.0,1
2325,10612,1,2,2.0,1,1.0,1.0,0
2326,10592,1,1,3.0,4,1.0,1.0,1
2327,10597,1,2,1.0,1,2.0,1.0,1
2328,10592,1,1,3.0,2,2.0,2.0,1
2329,10592,1,1,3.0,3,1.0,2.0,1
2330,10617,1,2,,,,1.0,1
2331,10602,1,2,1.0,1,2.0,1.0,1
2332,10602,1,2,1.0,1,2.0,1.0,1
2333,10622,2,2,,,,2.0,1
2334,10617,1,2,,,,1.0,1
2335,10622,2,2,,,,2.0,1
2336,10602,1,2,1.0,1,2.0,1.0,1
2337,10617,1,2,,,,1.0,1
2338,10592,1,1,3.0,2,2.0,2.0,1
2339,10607,1,2,,,,1.0,1
2340,10592,1,1,3.0,3,1.0,2.0,1
2341,10627,2,2,,,,2.0,1
2342,10617,1,2,,,,1.0,1
2343,10592,1,1,3.0,3,1.0,2.0,1
2344,10592,1,1,3.0,3,1.0,2.0,1
2345,10612,1,2,2.0,1,1.0,1.0,0
2346,10597,1,2,1.0,1,2.0,1.0,1
2347,10592,1,1,3.0,3,1.0,2.0,1
2348,10622,2,2,,,,2.0,1
2349,10622,2,2,,,,2.0,1
2350,10607,1,2,,,,1.0,1
2351,10592,1,1,3.0,3,1.0,2.0,1
2352,10622,2,2,,,,2.0,1
2353,10597,1,2,1.0,1,2.0,1.0,1
2354,10617,1,2,,,,1.0,1
2355,10602,1,2,1.0,1,2.0,1.0,1
2356,10617,1,2,,,,1.0,1
2357,10622,2,2,,,,2.0,1
2358,10592,1,1,3.0,2,2.0,2.0,1
2359,10607,1,2,,,,1.0,1
2360,10627,2,2,,,,2.0,1
2361,10627,2,2,,,,2.0,1
2362,10592,1,1,3.0,4,1.0,1.0,1
2363,10627,2,2,,,,2.0,1
2364,10612,1,2,2.0,1,1.0,1.0,0
2365,10592,1,1,3.0,4,1.0,1.0,1
2366,10592,1,1,3.0,4,1.0,1.0,1
2367,10617,1,2,,,,1.0,1
2368,10602,1,2,1.0,1,2.0,1.0,1
2369,10627,2,2,,,,2.0,1
2370,10592,1,1,3.0,2,2.0,2.0,1
2371,10607,1,2,,,,1.0,1
2372,10592,1,1,3.0,2,2.0,2.0,1
2373,10607,1,2,,,,1.0,1
2374,10607,1,2,,,,1.0,1
2375,10612,1,2,2.0,1,1.0,1.0,0
2376,10592,1,1,3.0,2,2.0,2.0,1
2377,10627,2,2,,,,2.0,1
2378,10612,1,2,2.0,1,1.0,1.0,0
2379,10612,1,2,2.0,1,1.0,1.0,0
2380,10602,1,2,1.0,1,2.0,1.0,1
2381,10617,1,2,,,,1.0,1
2382,10602,1,2,1.0,1,2.0,1.0,1
2383,10612,1,2,2.0,1,1.0,1.0,0
2384,10627,2,2,,,,2.0,1
2385,10612,1,2,2.0,1,1.0,1.0,0
2386,10617,1,2,,,,1.0,1
2387,10602,1,2,1.0,1,2.0,1.0,1
2388,10602,1,2,1.0,1,2.0,1.0,1
2389,10612,1,2,2.0,1,1.0,1.0,0
2390,10597,1,2,1.0,1,2.0,1.0,1
2391,10597,1,2,1.0,1,2.0,1.0,1
2392,10607,1,2,,,,1.0,1
2393,10597,1,2,1.0,1,2.0,1.0,1
2394,10607,1,2,,,,1.0,1
2395,10597,1,2,1.0,1,2.0,1.0,1
2396,10607,1,2,,,,1.0,1
2397,10602,1,2,1.0,1,2.0,1.0,1
2398,10607,1,2,,,,1.0,1
2399,10627,2,2,,,,2.0,1
2400,10612,1,2,2.0,1,1.0,1.0,0
2401,10607,1,2,,,,1.0,1
2402,10622,2,2,,,,2.0,1
2403,10592,1,1,3.0,2,2.0,2.0,1
2404,10617,1,2,,,,1.0,1
2405,10612,1,2,2.0,1,1.0,1.0,0
2406,10617,1,2,,,,1.0,1
2407,10617,1,2,,,,1.0,1
2408,10627,2,2,,,,2.0,1
2409,10597,1,2,1.0,1,2.0,1.0,1
2410,10612,1,2,2.0,1,1.0,1.0,0
2411,10602,1,2,1.0,1,2.0,1.0,1
2412,10607,1,2,,,,1.0,1
2413,10617,1,2,,,,1.0,1
2414,10617,1,2,,,,1.0,1
2415,10622,2,2,,,,2.0,1
2416,10592,1,1,3.0,2,2.0,2.0,1
2417,10612,1,2,2.0,1,1.0,1.0,0
2418,10612,1,2,2.0,1,1.0,1.0,0
2419,10602,1,2,1.0,1,2.0,1.0,1
2420,10617,1,2,,,,1.0,1
2421,10627,2,2,,,,2.0,1
2422,10597,1,2,1.0,1,2.0,1.0,1
2423,10597,1,2,1.0,1,2.0,1.0,1
2424,10597,1,2,1.0,1,2.0,1.0,1
2425,10597,1,2,1.0,1,2.0,1.0,1
2426,10597,1,2,1.0,1,2.0,1.0,1
2427,10617,1,2,,,,1.0,1
2428,10612,1,2,2.0,1,1.0,1.0,0
2429,10597,1,2,1.0,1,2.0,1.0,1
2430,10592,1,1,3.0,2,2.0,2.0,1
2431,10607,1,2,,,,1.0,1
2432,10627,2,2,,,,2.0,1
2433,10627,2,2,,,,2.0,1
2434,10627,2,2,,,,2.0,1
2435,10592,1,1,3.0,2,2.0,2.0,1
2436,10597,1,2,1.0,1,2.0,1.0,1
2437,10597,1,2,1.0,1,2.0,1.0,1
2438,10592,1,1,3.0,2,2.0,2.0,1
2439,10612,1,2,2.0,1,1.0,1.0,0
2440,10612,1,2,2.0,1,1.0,1.0,0
2441,10597,1,2,1.0,1,2.0,1.0,1
2442,10607,1,2,,,,1.0,1
2443,10607,1,2,,,,1.0,1
2444,10597,1,2,1.0,1,2.0,1.0,1
2445,10627,2,2,,,,2.0,1
2446,10597,1,2,1.0,1,2.0,1.0,1
2447,10597,1,2,1.0,1,2.0,1.0,1
2448,10612,1,2,2.0,1,1.0,1.0,0
2449,10622,2,2,,,,2.0,1
2450,10622,2,2,,,,2.0,1
2451,10622,2,2,,,,2.0,1
2452,10622,2,2,,,,2.0,1
2453,10622,2,2,,,,2.0,1
2454,10622,2,2,,,,2.0,1
2455,10622,2,2,,,,2.0,1
2456,10622,2,2,,,,2.0,1
2457,10622,2,2,,,,2.0,1
2458,10627,2,2,,,,2.0,1
2459,10627,2,2,,,,2.0,1
2460,10612,1,2,2.0,1,1.0,1.0,0
2461,10592,1,1,3.0,2,2.0,2.0,1
2462,10592,1,1,3.0,2,2.0,2.0,1
2463,10592,1,1,3.0,2,2.0,2.0,1
2464,10597,1,2,1.0,1,2.0,1.0,1
2465,10627,2,2,,,,2.0,1
2466,10622,2,2,,,,2.0,1
2467,10607,1,2,,,,1.0,1
2468,10597,1,2,1.0,1,2.0,1.0,1
2469,10617,1,2,,,,1.0,1
2470,10617,1,2,,,,1.0,1
2471,10617,1,2,,,,1.0,1
2472,10597,1,2,1.0,1,2.0,1.0,1
2473,10592,1,1,3.0,4,1.0,1.0,1
2474,10602,1,2,3.0,4,1.0,1.0,0
2475,10612,1,2,3.0,3,1.0,1.0,0
2476,10597,1,2,1.0,1,2.0,1.0,1
2477,10597,2,2,2.0,4,2.0,1.0,0
2478,10597,1,1,1.0,2,1.0,1.0,1
2479,10597,1,1,1.0,4,1.0,2.0,1
2480,10602,1,2,1.0,1,2.0,1.0,1
2481,10592,1,1,3.0,2,2.0,2.0,1
2482,10592,1,1,3.0,3,1.0,2.0,1
2483,10612,1,2,2.0,1,1.0,1.0,0
2484,10612,2,1,1.0,1,2.0,1.0,1
2485,10592,1,2,4.0,"System complexity (hard for front-office secretaries & admins to understand & maneuver), Lack of robustness (inability to handle & process big data instantaneously), Outdated Information Management systems.",1.0,1.0, Yes
2486,10607,1,2,,,,1.0,1
2487,10617,1,2,,,,1.0,1
2488,10622,2,2,,,,2.0,1
2489,10627,2,2,,,,2.0,1
2490,10592,1,1,3.0,2,2.0,2.0,1
2491,10592,1,1,3.0,3,1.0,2.0,1
2492,10592,1,1,3.0,2,2.0,2.0,1
2493,10592,1,1,3.0,3,1.0,2.0,1
2494,10592,1,1,3.0,2,2.0,2.0,1
2495,10592,1,1,3.0,3,1.0,2.0,1
2496,10612,1,2,2.0,1,1.0,1.0,0
2497,10592,1,1,3.0,4,1.0,1.0,1
2498,10597,1,2,1.0,1,2.0,1.0,1
2499,10592,1,1,3.0,2,2.0,2.0,1
2500,10592,1,1,3.0,3,1.0,2.0,1
2501,10617,1,2,,,,1.0,1
2502,10602,1,2,1.0,1,2.0,1.0,1
2503,10602,1,2,1.0,1,2.0,1.0,1
2504,10622,2,2,,,,2.0,1
2505,10617,1,2,,,,1.0,1
2506,10622,2,2,,,,2.0,1
2507,10602,1,2,1.0,1,2.0,1.0,1
2508,10617,1,2,,,,1.0,1
2509,10592,1,1,3.0,2,2.0,2.0,1
2510,10607,1,2,,,,1.0,1
2511,10592,1,1,3.0,3,1.0,2.0,1
2512,10627,2,2,,,,2.0,1
2513,10617,1,2,,,,1.0,1
2514,10592,1,1,3.0,3,1.0,2.0,1
2515,10592,1,1,3.0,3,1.0,2.0,1
2516,10612,1,2,2.0,1,1.0,1.0,0
2517,10597,1,2,1.0,1,2.0,1.0,1
2518,10592,1,1,3.0,3,1.0,2.0,1
2519,10622,2,2,,,,2.0,1
2520,10622,2,2,,,,2.0,1
2521,10607,1,2,,,,1.0,1
2522,10592,1,1,3.0,3,1.0,2.0,1
2523,10622,2,2,,,,2.0,1
2524,10597,1,2,1.0,1,2.0,1.0,1
2525,10617,1,2,,,,1.0,1
2526,10602,1,2,1.0,1,2.0,1.0,1
2527,10617,1,2,,,,1.0,1
2528,10622,2,2,,,,2.0,1
2529,10592,1,1,3.0,2,2.0,2.0,1
2530,10607,1,2,,,,1.0,1
2531,10627,2,2,,,,2.0,1
2532,10627,2,2,,,,2.0,1
2533,10592,1,1,3.0,4,1.0,1.0,1
2534,10627,2,2,,,,2.0,1
2535,10612,1,2,2.0,1,1.0,1.0,0
2536,10592,1,1,3.0,4,1.0,1.0,1
2537,10592,1,1,3.0,4,1.0,1.0,1
2538,10617,1,2,,,,1.0,1
2539,10602,1,2,1.0,1,2.0,1.0,1
2540,10627,2,2,,,,2.0,1
2541,10592,1,1,3.0,2,2.0,2.0,1
2542,10607,1,2,,,,1.0,1
2543,10592,1,1,3.0,2,2.0,2.0,1
2544,10607,1,2,,,,1.0,1
2545,10607,1,2,,,,1.0,1
2546,10612,1,2,2.0,1,1.0,1.0,0
2547,10592,1,1,3.0,2,2.0,2.0,1
2548,10627,2,2,,,,2.0,1
2549,10612,1,2,2.0,1,1.0,1.0,0
2550,10612,1,2,2.0,1,1.0,1.0,0
2551,10602,1,2,1.0,1,2.0,1.0,1
2552,10617,1,2,,,,1.0,1
2553,10602,1,2,1.0,1,2.0,1.0,1
2554,10612,1,2,2.0,1,1.0,1.0,0
2555,10627,2,2,,,,2.0,1
2556,10612,1,2,2.0,1,1.0,1.0,0
2557,10617,1,2,,,,1.0,1
2558,10602,1,2,1.0,1,2.0,1.0,1
2559,10602,1,2,1.0,1,2.0,1.0,1
2560,10612,1,2,2.0,1,1.0,1.0,0
2561,10597,1,2,1.0,1,2.0,1.0,1
2562,10597,1,2,1.0,1,2.0,1.0,1
2563,10607,1,2,,,,1.0,1
2564,10597,1,2,1.0,1,2.0,1.0,1
2565,10607,1,2,,,,1.0,1
2566,10597,1,2,1.0,1,2.0,1.0,1
2567,10607,1,2,,,,1.0,1
2568,10602,1,2,1.0,1,2.0,1.0,1
2569,10607,1,2,,,,1.0,1
2570,10627,2,2,,,,2.0,1
2571,10612,1,2,2.0,1,1.0,1.0,0
2572,10607,1,2,,,,1.0,1
2573,10622,2,2,,,,2.0,1
2574,10592,1,1,3.0,2,2.0,2.0,1
2575,10617,1,2,,,,1.0,1
2576,10612,1,2,2.0,1,1.0,1.0,0
2577,10617,1,2,,,,1.0,1
2578,10617,1,2,,,,1.0,1
2579,10627,2,2,,,,2.0,1
2580,10597,1,2,1.0,1,2.0,1.0,1
2581,10612,1,2,2.0,1,1.0,1.0,0
2582,10602,1,2,1.0,1,2.0,1.0,1
2583,10607,1,2,,,,1.0,1
2584,10617,1,2,,,,1.0,1
2585,10617,1,2,,,,1.0,1
2586,10622,2,2,,,,2.0,1
2587,10592,1,1,3.0,2,2.0,2.0,1
2588,10612,1,2,2.0,1,1.0,1.0,0
2589,10612,1,2,2.0,1,1.0,1.0,0
2590,10602,1,2,1.0,1,2.0,1.0,1
2591,10617,1,2,,,,1.0,1
2592,10627,2,2,,,,2.0,1
2593,10597,1,2,1.0,1,2.0,1.0,1
2594,10597,1,2,1.0,1,2.0,1.0,1
2595,10597,1,2,1.0,1,2.0,1.0,1
2596,10597,1,2,1.0,1,2.0,1.0,1
2597,10597,1,2,1.0,1,2.0,1.0,1
2598,10617,1,2,,,,1.0,1
2599,10612,1,2,2.0,1,1.0,1.0,0
2600,10597,1,2,1.0,1,2.0,1.0,1
2601,10592,1,1,3.0,2,2.0,2.0,1
2602,10607,1,2,,,,1.0,1
2603,10627,2,2,,,,2.0,1
2604,10627,2,2,,,,2.0,1
2605,10627,2,2,,,,2.0,1
2606,10592,1,1,3.0,2,2.0,2.0,1
2607,10597,1,2,1.0,1,2.0,1.0,1
2608,10597,1,2,1.0,1,2.0,1.0,1
2609,10592,1,1,3.0,2,2.0,2.0,1
2610,10612,1,2,2.0,1,1.0,1.0,0
2611,10612,1,2,2.0,1,1.0,1.0,0
2612,10597,1,2,1.0,1,2.0,1.0,1
2613,10607,1,2,,,,1.0,1
2614,10607,1,2,,,,1.0,1
2615,10597,1,2,1.0,1,2.0,1.0,1
2616,10627,2,2,,,,2.0,1
2617,10597,1,2,1.0,1,2.0,1.0,1
2618,10597,1,2,1.0,1,2.0,1.0,1
2619,10612,1,2,2.0,1,1.0,1.0,0
2620,10622,2,2,,,,2.0,1
2621,10622,2,2,,,,2.0,1
2622,10622,2,2,,,,2.0,1
2623,10622,2,2,,,,2.0,1
2624,10622,2,2,,,,2.0,1
2625,10622,2,2,,,,2.0,1
2626,10622,2,2,,,,2.0,1
2627,10622,2,2,,,,2.0,1
2628,10622,2,2,,,,2.0,1
2629,10627,2,2,,,,2.0,1
2630,10627,2,2,,,,2.0,1
2631,10612,1,2,2.0,1,1.0,1.0,0
2632,10592,1,1,3.0,2,2.0,2.0,1
2633,10592,1,1,3.0,2,2.0,2.0,1
2634,10592,1,1,3.0,2,2.0,2.0,1
2635,10597,1,2,1.0,1,2.0,1.0,1
2636,10627,2,2,,,,2.0,1
2637,10622,2,2,,,,2.0,1
2638,10607,1,2,,,,1.0,1
2639,10597,1,2,1.0,1,2.0,1.0,1
2640,10617,1,2,,,,1.0,1
2641,10617,1,2,,,,1.0,1
2642,10617,1,2,,,,1.0,1
2643,10597,1,2,1.0,1,2.0,1.0,1
2644,10592,1,1,3.0,4,1.0,1.0,1
2645,10602,1,2,3.0,4,1.0,1.0,0
2646,10612,1,2,3.0,3,1.0,1.0,0
2647,10597,1,2,1.0,1,2.0,1.0,1
2648,10597,2,2,2.0,4,2.0,1.0,0
2649,10597,1,1,1.0,2,1.0,1.0,1
2650,10597,1,1,1.0,4,1.0,2.0,1
2651,10602,1,2,1.0,1,2.0,1.0,1
2652,10592,1,1,3.0,2,2.0,2.0,1
2653,10592,1,1,3.0,3,1.0,2.0,1
2654,10612,1,2,2.0,1,1.0,1.0,0
2655,10612,2,1,1.0,1,2.0,1.0,1
2656,10592,1,2,4.0,"System complexity (hard for front-office secretaries & admins to understand & maneuver), Lack of robustness (inability to handle & process big data instantaneously), Outdated Information Management systems.",1.0,1.0, Yes
2657,10607,1,2,,,,1.0,1
2658,10617,1,2,,,,1.0,1
2659,10622,2,2,,,,2.0,1
2660,10627,2,2,,,,2.0,1
2661,10592,1,1,3.0,2,2.0,2.0,1
2662,10592,1,1,3.0,3,1.0,2.0,1
2663,10592,1,1,3.0,2,2.0,2.0,1
2664,10592,1,1,3.0,3,1.0,2.0,1
2665,10592,1,1,3.0,2,2.0,2.0,1
2666,10592,1,1,3.0,3,1.0,2.0,1
2667,10612,1,2,2.0,1,1.0,1.0,0
2668,10592,1,1,3.0,4,1.0,1.0,1
2669,10597,1,2,1.0,1,2.0,1.0,1
2670,10592,1,1,3.0,2,2.0,2.0,1
2671,10592,1,1,3.0,3,1.0,2.0,1
2672,10617,1,2,,,,1.0,1
2673,10602,1,2,1.0,1,2.0,1.0,1
2674,10602,1,2,1.0,1,2.0,1.0,1
2675,10622,2,2,,,,2.0,1
2676,10617,1,2,,,,1.0,1
2677,10622,2,2,,,,2.0,1
2678,10602,1,2,1.0,1,2.0,1.0,1
2679,10617,1,2,,,,1.0,1
2680,10592,1,1,3.0,2,2.0,2.0,1
2681,10607,1,2,,,,1.0,1
2682,10592,1,1,3.0,3,1.0,2.0,1
2683,10627,2,2,,,,2.0,1
2684,10617,1,2,,,,1.0,1
2685,10592,1,1,3.0,3,1.0,2.0,1
2686,10592,1,1,3.0,3,1.0,2.0,1
2687,10612,1,2,2.0,1,1.0,1.0,0
2688,10597,1,2,1.0,1,2.0,1.0,1
2689,10592,1,1,3.0,3,1.0,2.0,1
2690,10622,2,2,,,,2.0,1
2691,10622,2,2,,,,2.0,1
2692,10607,1,2,,,,1.0,1
2693,10592,1,1,3.0,3,1.0,2.0,1
2694,10622,2,2,,,,2.0,1
2695,10597,1,2,1.0,1,2.0,1.0,1
2696,10617,1,2,,,,1.0,1
2697,10602,1,2,1.0,1,2.0,1.0,1
2698,10617,1,2,,,,1.0,1
2699,10622,2,2,,,,2.0,1
2700,10592,1,1,3.0,2,2.0,2.0,1
2701,10607,1,2,,,,1.0,1
2702,10627,2,2,,,,2.0,1
2703,10627,2,2,,,,2.0,1
2704,10592,1,1,3.0,4,1.0,1.0,1
2705,10627,2,2,,,,2.0,1
2706,10612,1,2,2.0,1,1.0,1.0,0
2707,10592,1,1,3.0,4,1.0,1.0,1
2708,10592,1,1,3.0,4,1.0,1.0,1
2709,10617,1,2,,,,1.0,1
2710,10602,1,2,1.0,1,2.0,1.0,1
2711,10627,2,2,,,,2.0,1
2712,10592,1,1,3.0,2,2.0,2.0,1
2713,10607,1,2,,,,1.0,1
2714,10592,1,1,3.0,2,2.0,2.0,1
2715,10607,1,2,,,,1.0,1
2716,10607,1,2,,,,1.0,1
2717,10612,1,2,2.0,1,1.0,1.0,0
2718,10592,1,1,3.0,2,2.0,2.0,1
2719,10627,2,2,,,,2.0,1
2720,10612,1,2,2.0,1,1.0,1.0,0
2721,10612,1,2,2.0,1,1.0,1.0,0
2722,10602,1,2,1.0,1,2.0,1.0,1
2723,10617,1,2,,,,1.0,1
2724,10602,1,2,1.0,1,2.0,1.0,1
2725,10612,1,2,2.0,1,1.0,1.0,0
2726,10627,2,2,,,,2.0,1
2727,10612,1,2,2.0,1,1.0,1.0,0
2728,10617,1,2,,,,1.0,1
2729,10602,1,2,1.0,1,2.0,1.0,1
2730,10602,1,2,1.0,1,2.0,1.0,1
2731,10612,1,2,2.0,1,1.0,1.0,0
2732,10597,1,2,1.0,1,2.0,1.0,1
2733,10597,1,2,1.0,1,2.0,1.0,1
2734,10607,1,2,,,,1.0,1
2735,10597,1,2,1.0,1,2.0,1.0,1
2736,10607,1,2,,,,1.0,1
2737,10597,1,2,1.0,1,2.0,1.0,1
2738,10607,1,2,,,,1.0,1
2739,10602,1,2,1.0,1,2.0,1.0,1
2740,10607,1,2,,,,1.0,1
2741,10627,2,2,,,,2.0,1
2742,10612,1,2,2.0,1,1.0,1.0,0
2743,10607,1,2,,,,1.0,1
2744,10622,2,2,,,,2.0,1
2745,10592,1,1,3.0,2,2.0,2.0,1
2746,10617,1,2,,,,1.0,1
2747,10612,1,2,2.0,1,1.0,1.0,0
2748,10617,1,2,,,,1.0,1
2749,10617,1,2,,,,1.0,1
2750,10627,2,2,,,,2.0,1
2751,10597,1,2,1.0,1,2.0,1.0,1
2752,10612,1,2,2.0,1,1.0,1.0,0
2753,10602,1,2,1.0,1,2.0,1.0,1
2754,10607,1,2,,,,1.0,1
2755,10617,1,2,,,,1.0,1
2756,10617,1,2,,,,1.0,1
2757,10622,2,2,,,,2.0,1
2758,10592,1,1,3.0,2,2.0,2.0,1
2759,10612,1,2,2.0,1,1.0,1.0,0
2760,10612,1,2,2.0,1,1.0,1.0,0
2761,10602,1,2,1.0,1,2.0,1.0,1
2762,10617,1,2,,,,1.0,1
2763,10627,2,2,,,,2.0,1
2764,10597,1,2,1.0,1,2.0,1.0,1
2765,10597,1,2,1.0,1,2.0,1.0,1
2766,10597,1,2,1.0,1,2.0,1.0,1
2767,10597,1,2,1.0,1,2.0,1.0,1
2768,10597,1,2,1.0,1,2.0,1.0,1
2769,10617,1,2,,,,1.0,1
2770,10612,1,2,2.0,1,1.0,1.0,0
2771,10597,1,2,1.0,1,2.0,1.0,1
2772,10592,1,1,3.0,2,2.0,2.0,1
2773,10607,1,2,,,,1.0,1
2774,10627,2,2,,,,2.0,1
2775,10627,2,2,,,,2.0,1
2776,10627,2,2,,,,2.0,1
2777,10592,1,1,3.0,2,2.0,2.0,1
2778,10597,1,2,1.0,1,2.0,1.0,1
2779,10597,1,2,1.0,1,2.0,1.0,1
2780,10592,1,1,3.0,2,2.0,2.0,1
2781,10612,1,2,2.0,1,1.0,1.0,0
2782,10612,1,2,2.0,1,1.0,1.0,0
2783,10597,1,2,1.0,1,2.0,1.0,1
2784,10607,1,2,,,,1.0,1
2785,10607,1,2,,,,1.0,1
2786,10597,1,2,1.0,1,2.0,1.0,1
2787,10627,2,2,,,,2.0,1
2788,10597,1,2,1.0,1,2.0,1.0,1
2789,10597,1,2,1.0,1,2.0,1.0,1
2790,10612,1,2,2.0,1,1.0,1.0,0
2791,10622,2,2,,,,2.0,1
2792,10622,2,2,,,,2.0,1
2793,10622,2,2,,,,2.0,1
2794,10622,2,2,,,,2.0,1
2795,10622,2,2,,,,2.0,1
2796,10622,2,2,,,,2.0,1
2797,10622,2,2,,,,2.0,1
2798,10622,2,2,,,,2.0,1
2799,10622,2,2,,,,2.0,1
2800,10627,2,2,,,,2.0,1
2801,10627,2,2,,,,2.0,1
2802,10612,1,2,2.0,1,1.0,1.0,0
2803,10592,1,1,3.0,2,2.0,2.0,1
2804,10592,1,1,3.0,2,2.0,2.0,1
2805,10592,1,1,3.0,2,2.0,2.0,1
2806,10597,1,2,1.0,1,2.0,1.0,1
2807,10627,2,2,,,,2.0,1
2808,10622,2,2,,,,2.0,1
2809,10607,1,2,,,,1.0,1
2810,10597,1,2,1.0,1,2.0,1.0,1
2811,10617,1,2,,,,1.0,1
2812,10617,1,2,,,,1.0,1
2813,10617,1,2,,,,1.0,1
2814,10597,1,2,1.0,1,2.0,1.0,1
2815,10592,1,1,3.0,4,1.0,1.0,1
2816,10592,1,1,3.0,4,1.0,1.0,1
2817,10592,1,1,3.0,4,1.0,1.0,1
2818,10592,1,1,3.0,4,1.0,1.0,1
2819,10592,1,1,3.0,4,1.0,1.0,1
2820,10592,1,1,3.0,4,1.0,1.0,1
2821,10602,1,2,3.0,4,1.0,1.0,0
2822,10612,1,2,3.0,3,1.0,1.0,0
2823,10597,1,2,1.0,1,2.0,1.0,1
2824,10597,2,2,2.0,4,2.0,1.0,0
2825,10597,1,1,1.0,2,1.0,1.0,1
2826,10597,1,1,1.0,4,1.0,2.0,1
2827,10602,1,2,1.0,1,2.0,1.0,1
2828,10592,1,1,3.0,2,2.0,2.0,1
2829,10592,1,1,3.0,3,1.0,2.0,1
2830,10612,1,2,2.0,1,1.0,1.0,0
2831,10612,2,1,1.0,1,2.0,1.0,1
2832,10592,1,2,4.0,"System complexity (hard for front-office secretaries & admins to understand & maneuver), Lack of robustness (inability to handle & process big data instantaneously), Outdated Information Management systems.",1.0,1.0, Yes
2833,10607,1,2,,,,1.0,1
2834,10617,1,2,,,,1.0,1
2835,10622,2,2,,,,2.0,1
2836,10627,2,2,,,,2.0,1
2837,10592,1,1,3.0,2,2.0,2.0,1
2838,10592,1,1,3.0,3,1.0,2.0,1
2839,10592,1,1,3.0,2,2.0,2.0,1
2840,10592,1,1,3.0,3,1.0,2.0,1
2841,10592,1,1,3.0,2,2.0,2.0,1
2842,10592,1,1,3.0,3,1.0,2.0,1
2843,10612,1,2,2.0,1,1.0,1.0,0
2844,10592,1,1,3.0,4,1.0,1.0,1
2845,10597,1,2,1.0,1,2.0,1.0,1
2846,10592,1,1,3.0,2,2.0,2.0,1
2847,10592,1,1,3.0,3,1.0,2.0,1
2848,10617,1,2,,,,1.0,1
2849,10602,1,2,1.0,1,2.0,1.0,1
2850,10602,1,2,1.0,1,2.0,1.0,1
2851,10622,2,2,,,,2.0,1
2852,10617,1,2,,,,1.0,1
2853,10622,2,2,,,,2.0,1
2854,10602,1,2,1.0,1,2.0,1.0,1
2855,10617,1,2,,,,1.0,1
2856,10592,1,1,3.0,2,2.0,2.0,1
2857,10607,1,2,,,,1.0,1
2858,10592,1,1,3.0,3,1.0,2.0,1
2859,10627,2,2,,,,2.0,1
2860,10617,1,2,,,,1.0,1
2861,10592,1,1,3.0,3,1.0,2.0,1
2862,10592,1,1,3.0,3,1.0,2.0,1
2863,10612,1,2,2.0,1,1.0,1.0,0
2864,10597,1,2,1.0,1,2.0,1.0,1
2865,10592,1,1,3.0,3,1.0,2.0,1
2866,10622,2,2,,,,2.0,1
2867,10622,2,2,,,,2.0,1
2868,10607,1,2,,,,1.0,1
2869,10592,1,1,3.0,3,1.0,2.0,1
2870,10622,2,2,,,,2.0,1
2871,10597,1,2,1.0,1,2.0,1.0,1
2872,10617,1,2,,,,1.0,1
2873,10602,1,2,1.0,1,2.0,1.0,1
2874,10617,1,2,,,,1.0,1
2875,10622,2,2,,,,2.0,1
2876,10592,1,1,3.0,2,2.0,2.0,1
2877,10607,1,2,,,,1.0,1
2878,10627,2,2,,,,2.0,1
2879,10627,2,2,,,,2.0,1
2880,10592,1,1,3.0,4,1.0,1.0,1
2881,10627,2,2,,,,2.0,1
2882,10612,1,2,2.0,1,1.0,1.0,0
2883,10592,1,1,3.0,4,1.0,1.0,1
2884,10592,1,1,3.0,4,1.0,1.0,1
2885,10617,1,2,,,,1.0,1
2886,10602,1,2,1.0,1,2.0,1.0,1
2887,10627,2,2,,,,2.0,1
2888,10592,1,1,3.0,2,2.0,2.0,1
2889,10607,1,2,,,,1.0,1
2890,10592,1,1,3.0,2,2.0,2.0,1
2891,10607,1,2,,,,1.0,1
2892,10607,1,2,,,,1.0,1
2893,10612,1,2,2.0,1,1.0,1.0,0
2894,10592,1,1,3.0,2,2.0,2.0,1
2895,10627,2,2,,,,2.0,1
2896,10612,1,2,2.0,1,1.0,1.0,0
2897,10612,1,2,2.0,1,1.0,1.0,0
2898,10602,1,2,1.0,1,2.0,1.0,1
2899,10617,1,2,,,,1.0,1
2900,10602,1,2,1.0,1,2.0,1.0,1
2901,10612,1,2,2.0,1,1.0,1.0,0
2902,10627,2,2,,,,2.0,1
2903,10612,1,2,2.0,1,1.0,1.0,0
2904,10617,1,2,,,,1.0,1
2905,10602,1,2,1.0,1,2.0,1.0,1
2906,10602,1,2,1.0,1,2.0,1.0,1
2907,10612,1,2,2.0,1,1.0,1.0,0
2908,10597,1,2,1.0,1,2.0,1.0,1
2909,10597,1,2,1.0,1,2.0,1.0,1
2910,10607,1,2,,,,1.0,1
2911,10597,1,2,1.0,1,2.0,1.0,1
2912,10607,1,2,,,,1.0,1
2913,10597,1,2,1.0,1,2.0,1.0,1
2914,10607,1,2,,,,1.0,1
2915,10602,1,2,1.0,1,2.0,1.0,1
2916,10607,1,2,,,,1.0,1
2917,10627,2,2,,,,2.0,1
2918,10612,1,2,2.0,1,1.0,1.0,0
2919,10607,1,2,,,,1.0,1
2920,10622,2,2,,,,2.0,1
2921,10592,1,1,3.0,2,2.0,2.0,1
2922,10617,1,2,,,,1.0,1
2923,10612,1,2,2.0,1,1.0,1.0,0
2924,10617,1,2,,,,1.0,1
2925,10617,1,2,,,,1.0,1
2926,10627,2,2,,,,2.0,1
2927,10597,1,2,1.0,1,2.0,1.0,1
2928,10612,1,2,2.0,1,1.0,1.0,0
2929,10602,1,2,1.0,1,2.0,1.0,1
2930,10607,1,2,,,,1.0,1
2931,10617,1,2,,,,1.0,1
2932,10617,1,2,,,,1.0,1
2933,10622,2,2,,,,2.0,1
2934,10592,1,1,3.0,2,2.0,2.0,1
2935,10612,1,2,2.0,1,1.0,1.0,0
2936,10612,1,2,2.0,1,1.0,1.0,0
2937,10602,1,2,1.0,1,2.0,1.0,1
2938,10617,1,2,,,,1.0,1
2939,10627,2,2,,,,2.0,1
2940,10597,1,2,1.0,1,2.0,1.0,1
2941,10597,1,2,1.0,1,2.0,1.0,1
2942,10597,1,2,1.0,1,2.0,1.0,1
2943,10597,1,2,1.0,1,2.0,1.0,1
2944,10597,1,2,1.0,1,2.0,1.0,1
2945,10617,1,2,,,,1.0,1
2946,10612,1,2,2.0,1,1.0,1.0,0
2947,10597,1,2,1.0,1,2.0,1.0,1
2948,10592,1,1,3.0,2,2.0,2.0,1
2949,10607,1,2,,,,1.0,1
2950,10627,2,2,,,,2.0,1
2951,10627,2,2,,,,2.0,1
2952,10627,2,2,,,,2.0,1
2953,10592,1,1,3.0,2,2.0,2.0,1
2954,10597,1,2,1.0,1,2.0,1.0,1
2955,10597,1,2,1.0,1,2.0,1.0,1
2956,10592,1,1,3.0,2,2.0,2.0,1
2957,10612,1,2,2.0,1,1.0,1.0,0
2958,10612,1,2,2.0,1,1.0,1.0,0
2959,10597,1,2,1.0,1,2.0,1.0,1
2960,10607,1,2,,,,1.0,1
2961,10607,1,2,,,,1.0,1
2962,10597,1,2,1.0,1,2.0,1.0,1
2963,10627,2,2,,,,2.0,1
2964,10597,1,2,1.0,1,2.0,1.0,1
2965,10597,1,2,1.0,1,2.0,1.0,1
2966,10612,1,2,2.0,1,1.0,1.0,0
2967,10622,2,2,,,,2.0,1
2968,10622,2,2,,,,2.0,1
2969,10622,2,2,,,,2.0,1
2970,10622,2,2,,,,2.0,1
2971,10622,2,2,,,,2.0,1
2972,10622,2,2,,,,2.0,1
2973,10622,2,2,,,,2.0,1
2974,10622,2,2,,,,2.0,1
2975,10622,2,2,,,,2.0,1
2976,10627,2,2,,,,2.0,1
2977,10627,2,2,,,,2.0,1
2978,10612,1,2,2.0,1,1.0,1.0,0
2979,10592,1,1,3.0,2,2.0,2.0,1
2980,10592,1,1,3.0,2,2.0,2.0,1
2981,10592,1,1,3.0,2,2.0,2.0,1
2982,10597,1,2,1.0,1,2.0,1.0,1
2983,10627,2,2,,,,2.0,1
2984,10622,2,2,,,,2.0,1
2985,10607,1,2,,,,1.0,1
2986,10597,1,2,1.0,1,2.0,1.0,1
2987,10617,1,2,,,,1.0,1
2988,10617,1,2,,,,1.0,1
2989,10617,1,2,,,,1.0,1
2990,10597,1,2,1.0,1,2.0,1.0,1
2991,10592,1,1,3.0,4,1.0,1.0,1
2992,10602,1,2,3.0,4,1.0,1.0,0
2993,10612,1,2,3.0,3,1.0,1.0,0
2994,10597,1,2,1.0,1,2.0,1.0,1
2995,10597,2,2,2.0,4,2.0,1.0,0
2996,10597,1,1,1.0,2,1.0,1.0,1
2997,10597,1,1,1.0,4,1.0,2.0,1
2998,10602,1,2,1.0,1,2.0,1.0,1
2999,10592,1,1,3.0,2,2.0,2.0,1
3000,10592,1,1,3.0,3,1.0,2.0,1
3001,10612,1,2,2.0,1,1.0,1.0,0
3002,10612,2,1,1.0,1,2.0,1.0,1
3003,10592,1,2,4.0,"System complexity (hard for front-office secretaries & admins to understand & maneuver), Lack of robustness (inability to handle & process big data instantaneously), Outdated Information Management systems.",1.0,1.0, Yes
3004,10607,1,2,,,,1.0,1
3005,10617,1,2,,,,1.0,1
3006,10622,2,2,,,,2.0,1
3007,10627,2,2,,,,2.0,1
3008,10592,1,1,3.0,2,2.0,2.0,1
3009,10592,1,1,3.0,3,1.0,2.0,1
3010,10592,1,1,3.0,2,2.0,2.0,1
3011,10592,1,1,3.0,3,1.0,2.0,1
3012,10592,1,1,3.0,2,2.0,2.0,1
3013,10592,1,1,3.0,3,1.0,2.0,1
3014,10612,1,2,2.0,1,1.0,1.0,0
3015,10592,1,1,3.0,4,1.0,1.0,1
3016,10597,1,2,1.0,1,2.0,1.0,1
3017,10592,1,1,3.0,2,2.0,2.0,1
3018,10592,1,1,3.0,3,1.0,2.0,1
3019,10617,1,2,,,,1.0,1
3020,10602,1,2,1.0,1,2.0,1.0,1
3021,10602,1,2,1.0,1,2.0,1.0,1
3022,10622,2,2,,,,2.0,1
3023,10617,1,2,,,,1.0,1
3024,10622,2,2,,,,2.0,1
3025,10602,1,2,1.0,1,2.0,1.0,1
3026,10617,1,2,,,,1.0,1
3027,10592,1,1,3.0,2,2.0,2.0,1
3028,10607,1,2,,,,1.0,1
3029,10592,1,1,3.0,3,1.0,2.0,1
3030,10627,2,2,,,,2.0,1
3031,10617,1,2,,,,1.0,1
3032,10592,1,1,3.0,3,1.0,2.0,1
3033,10592,1,1,3.0,3,1.0,2.0,1
3034,10612,1,2,2.0,1,1.0,1.0,0
3035,10597,1,2,1.0,1,2.0,1.0,1
3036,10592,1,1,3.0,3,1.0,2.0,1
3037,10622,2,2,,,,2.0,1
3038,10622,2,2,,,,2.0,1
3039,10607,1,2,,,,1.0,1
3040,10592,1,1,3.0,3,1.0,2.0,1
3041,10622,2,2,,,,2.0,1
3042,10597,1,2,1.0,1,2.0,1.0,1
3043,10617,1,2,,,,1.0,1
3044,10602,1,2,1.0,1,2.0,1.0,1
3045,10617,1,2,,,,1.0,1
3046,10622,2,2,,,,2.0,1
3047,10592,1,1,3.0,2,2.0,2.0,1
3048,10607,1,2,,,,1.0,1
3049,10627,2,2,,,,2.0,1
3050,10627,2,2,,,,2.0,1
3051,10592,1,1,3.0,4,1.0,1.0,1
3052,10627,2,2,,,,2.0,1
3053,10612,1,2,2.0,1,1.0,1.0,0
3054,10592,1,1,3.0,4,1.0,1.0,1
3055,10592,1,1,3.0,4,1.0,1.0,1
3056,10617,1,2,,,,1.0,1
3057,10602,1,2,1.0,1,2.0,1.0,1
3058,10627,2,2,,,,2.0,1
3059,10592,1,1,3.0,2,2.0,2.0,1
3060,10607,1,2,,,,1.0,1
3061,10592,1,1,3.0,2,2.0,2.0,1
3062,10607,1,2,,,,1.0,1
3063,10607,1,2,,,,1.0,1
3064,10612,1,2,2.0,1,1.0,1.0,0
3065,10592,1,1,3.0,2,2.0,2.0,1
3066,10627,2,2,,,,2.0,1
3067,10612,1,2,2.0,1,1.0,1.0,0
3068,10612,1,2,2.0,1,1.0,1.0,0
3069,10602,1,2,1.0,1,2.0,1.0,1
3070,10617,1,2,,,,1.0,1
3071,10602,1,2,1.0,1,2.0,1.0,1
3072,10612,1,2,2.0,1,1.0,1.0,0
3073,10627,2,2,,,,2.0,1
3074,10612,1,2,2.0,1,1.0,1.0,0
3075,10617,1,2,,,,1.0,1
3076,10602,1,2,1.0,1,2.0,1.0,1
3077,10602,1,2,1.0,1,2.0,1.0,1
3078,10612,1,2,2.0,1,1.0,1.0,0
3079,10597,1,2,1.0,1,2.0,1.0,1
3080,10597,1,2,1.0,1,2.0,1.0,1
3081,10607,1,2,,,,1.0,1
3082,10597,1,2,1.0,1,2.0,1.0,1
3083,10607,1,2,,,,1.0,1
3084,10597,1,2,1.0,1,2.0,1.0,1
3085,10607,1,2,,,,1.0,1
3086,10602,1,2,1.0,1,2.0,1.0,1
3087,10607,1,2,,,,1.0,1
3088,10627,2,2,,,,2.0,1
3089,10612,1,2,2.0,1,1.0,1.0,0
3090,10607,1,2,,,,1.0,1
3091,10622,2,2,,,,2.0,1
3092,10592,1,1,3.0,2,2.0,2.0,1
3093,10617,1,2,,,,1.0,1
3094,10612,1,2,2.0,1,1.0,1.0,0
3095,10617,1,2,,,,1.0,1
3096,10617,1,2,,,,1.0,1
3097,10627,2,2,,,,2.0,1
3098,10597,1,2,1.0,1,2.0,1.0,1
3099,10612,1,2,2.0,1,1.0,1.0,0
3100,10602,1,2,1.0,1,2.0,1.0,1
3101,10607,1,2,,,,1.0,1
3102,10617,1,2,,,,1.0,1
3103,10617,1,2,,,,1.0,1
3104,10622,2,2,,,,2.0,1
3105,10592,1,1,3.0,2,2.0,2.0,1
3106,10612,1,2,2.0,1,1.0,1.0,0
3107,10612,1,2,2.0,1,1.0,1.0,0
3108,10602,1,2,1.0,1,2.0,1.0,1
3109,10617,1,2,,,,1.0,1
3110,10627,2,2,,,,2.0,1
3111,10597,1,2,1.0,1,2.0,1.0,1
3112,10597,1,2,1.0,1,2.0,1.0,1
3113,10597,1,2,1.0,1,2.0,1.0,1
3114,10597,1,2,1.0,1,2.0,1.0,1
3115,10597,1,2,1.0,1,2.0,1.0,1
3116,10617,1,2,,,,1.0,1
3117,10612,1,2,2.0,1,1.0,1.0,0
3118,10597,1,2,1.0,1,2.0,1.0,1
3119,10592,1,1,3.0,2,2.0,2.0,1
3120,10607,1,2,,,,1.0,1
3121,10627,2,2,,,,2.0,1
3122,10627,2,2,,,,2.0,1
3123,10627,2,2,,,,2.0,1
3124,10592,1,1,3.0,2,2.0,2.0,1
3125,10597,1,2,1.0,1,2.0,1.0,1
3126,10597,1,2,1.0,1,2.0,1.0,1
3127,10592,1,1,3.0,2,2.0,2.0,1
3128,10612,1,2,2.0,1,1.0,1.0,0
3129,10612,1,2,2.0,1,1.0,1.0,0
3130,10597,1,2,1.0,1,2.0,1.0,1
3131,10607,1,2,,,,1.0,1
3132,10607,1,2,,,,1.0,1
3133,10597,1,2,1.0,1,2.0,1.0,1
3134,10627,2,2,,,,2.0,1
3135,10597,1,2,1.0,1,2.0,1.0,1
3136,10597,1,2,1.0,1,2.0,1.0,1
3137,10612,1,2,2.0,1,1.0,1.0,0
3138,10622,2,2,,,,2.0,1
3139,10622,2,2,,,,2.0,1
3140,10622,2,2,,,,2.0,1
3141,10622,2,2,,,,2.0,1
3142,10622,2,2,,,,2.0,1
3143,10622,2,2,,,,2.0,1
3144,10622,2,2,,,,2.0,1
3145,10622,2,2,,,,2.0,1
3146,10622,2,2,,,,2.0,1
3147,10627,2,2,,,,2.0,1
3148,10627,2,2,,,,2.0,1
3149,10612,1,2,2.0,1,1.0,1.0,0
3150,10592,1,1,3.0,2,2.0,2.0,1
3151,10592,1,1,3.0,2,2.0,2.0,1
3152,10592,1,1,3.0,2,2.0,2.0,1
3153,10592,1,1,3.0,4,1.0,1.0,Yes 
3154,10602,1,2,3.0,4,1.0,1.0,0
3155,10612,1,2,3.0,3,1.0,1.0,0
3156,10597,1,2,1.0,1,2.0,1.0,1
3157,10597,2,2,2.0,4,2.0,1.0,0
3158,10597,1,1,1.0,2,1.0,1.0,1
3159,10597,1,1,1.0,4,1.0,2.0,1
3160,10602,1,2,1.0,1,2.0,1.0,1
3161,10592,1,1,3.0,2,2.0,2.0,1
3162,10592,1,1,3.0,3,1.0,2.0,1
3163,10612,1,2,2.0,1,1.0,1.0,0
3164,10612,2,1,1.0,1,2.0,1.0,1
3165,10592,1,2,4.0,"System complexity (hard for front-office secretaries & admins to understand & maneuver), Lack of robustness (inability to handle & process big data instantaneously), Outdated Information Management systems.",1.0,1.0,1
3166,10607,1,2,,,,1.0,1
3167,10617,1,2,,,,1.0,1
3168,10622,2,2,,,,2.0,1
3169,10627,2,2,,,,2.0,1
3170,10592,1,1,3.0,2,2.0,2.0,1
3171,10592,1,1,3.0,3,1.0,2.0,1
3172,10592,1,1,3.0,2,2.0,2.0,1
3173,10592,1,1,3.0,3,1.0,2.0,1
3174,10592,1,1,3.0,2,2.0,2.0,1
3175,10592,1,1,3.0,3,1.0,2.0,1
3176,10612,1,2,2.0,1,1.0,1.0,0
3177,10592,1,1,3.0,4,1.0,1.0,1
3178,10597,1,2,1.0,1,2.0,1.0,1
3179,10592,1,1,3.0,2,2.0,2.0,1
3180,10592,1,1,3.0,3,1.0,2.0,1
3181,10617,1,2,,,,1.0,1
3182,10602,1,2,1.0,1,2.0,1.0,1
3183,10602,1,2,1.0,1,2.0,1.0,1
3184,10622,2,2,,,,2.0,1
3185,10617,1,2,,,,1.0,1
3186,10622,2,2,,,,2.0,1
3187,10602,1,2,1.0,1,2.0,1.0,1
3188,10617,1,2,,,,1.0,1
3189,10592,1,1,3.0,2,2.0,2.0,1
3190,10607,1,2,,,,1.0,1
3191,10592,1,1,3.0,3,1.0,2.0,1
3192,10627,2,2,,,,2.0,1
3193,10617,1,2,,,,1.0,1
3194,10592,1,1,3.0,3,1.0,2.0,1
3195,10592,1,1,3.0,3,1.0,2.0,1
3196,10612,1,2,2.0,1,1.0,1.0,0
3197,10597,1,2,1.0,1,2.0,1.0,1
3198,10592,1,1,3.0,3,1.0,2.0,1
3199,10622,2,2,,,,2.0,1
3200,10622,2,2,,,,2.0,1
3201,10607,1,2,,,,1.0,1
3202,10592,1,1,3.0,3,1.0,2.0,1
3203,10622,2,2,,,,2.0,1
3204,10597,1,2,1.0,1,2.0,1.0,1
3205,10617,1,2,,,,1.0,1
3206,10602,1,2,1.0,1,2.0,1.0,1
3207,10617,1,2,,,,1.0,1
3208,10622,2,2,,,,2.0,1
3209,10592,1,1,3.0,2,2.0,2.0,1
3210,10607,1,2,,,,1.0,1
3211,10627,2,2,,,,2.0,1
3212,10627,2,2,,,,2.0,1
3213,10592,1,1,3.0,4,1.0,1.0,1
3214,10627,2,2,,,,2.0,1
3215,10612,1,2,2.0,1,1.0,1.0,0
3216,10592,1,1,3.0,4,1.0,1.0,1
3217,10592,1,1,3.0,4,1.0,1.0,1
3218,10617,1,2,,,,1.0,1
3219,10602,1,2,1.0,1,2.0,1.0,1
3220,10627,2,2,,,,2.0,1
3221,10592,1,1,3.0,2,2.0,2.0,1
3222,10607,1,2,,,,1.0,1
3223,10592,1,1,3.0,2,2.0,2.0,1
3224,10607,1,2,,,,1.0,1
3225,10607,1,2,,,,1.0,1
3226,10612,1,2,2.0,1,1.0,1.0,0
3227,10592,1,1,3.0,2,2.0,2.0,1
3228,10627,2,2,,,,2.0,1
3229,10612,1,2,2.0,1,1.0,1.0,0
3230,10612,1,2,2.0,1,1.0,1.0,0
3231,10602,1,2,1.0,1,2.0,1.0,1
3232,10617,1,2,,,,1.0,1
3233,10602,1,2,1.0,1,2.0,1.0,1
3234,10612,1,2,2.0,1,1.0,1.0,0
3235,10627,2,2,,,,2.0,1
3236,10612,1,2,2.0,1,1.0,1.0,0
3237,10617,1,2,,,,1.0,1
3238,10602,1,2,1.0,1,2.0,1.0,1
3239,10602,1,2,1.0,1,2.0,1.0,1
3240,10612,1,2,2.0,1,1.0,1.0,0
3241,10597,1,2,1.0,1,2.0,1.0,1
3242,10597,1,2,1.0,1,2.0,1.0,1
3243,10607,1,2,,,,1.0,1
3244,10597,1,2,1.0,1,2.0,1.0,1
3245,10607,1,2,,,,1.0,1
3246,10597,1,2,1.0,1,2.0,1.0,1
3247,10607,1,2,,,,1.0,1
3248,10602,1,2,1.0,1,2.0,1.0,1
3249,10607,1,2,,,,1.0,1
3250,10627,2,2,,,,2.0,1
3251,10612,1,2,2.0,1,1.0,1.0,0
3252,10607,1,2,,,,1.0,1
3253,10622,2,2,,,,2.0,1
3254,10592,1,1,3.0,2,2.0,2.0,1
3255,10617,1,2,,,,1.0,1
3256,10612,1,2,2.0,1,1.0,1.0,0
3257,10617,1,2,,,,1.0,1
3258,10617,1,2,,,,1.0,1
3259,10627,2,2,,,,2.0,1
3260,10597,1,2,1.0,1,2.0,1.0,1
3261,10612,1,2,2.0,1,1.0,1.0,0
3262,10602,1,2,1.0,1,2.0,1.0,1
3263,10607,1,2,,,,1.0,1
3264,10617,1,2,,,,1.0,1
3265,10617,1,2,,,,1.0,1
3266,10622,2,2,,,,2.0,1
3267,10592,1,1,3.0,2,2.0,2.0,1
3268,10612,1,2,2.0,1,1.0,1.0,0
3269,10612,1,2,2.0,1,1.0,1.0,0
3270,10602,1,2,1.0,1,2.0,1.0,1
3271,10617,1,2,,,,1.0,1
3272,10627,2,2,,,,2.0,1
3273,10597,1,2,1.0,1,2.0,1.0,1
3274,10597,1,2,1.0,1,2.0,1.0,1
3275,10597,1,2,1.0,1,2.0,1.0,1
3276,10597,1,2,1.0,1,2.0,1.0,1
3277,10597,1,2,1.0,1,2.0,1.0,1
3278,10617,1,2,,,,1.0,1
3279,10612,1,2,2.0,1,1.0,1.0,0
3280,10597,1,2,1.0,1,2.0,1.0,1
3281,10592,1,1,3.0,2,2.0,2.0,1
3282,10607,1,2,,,,1.0,1
3283,10627,2,2,,,,2.0,1
3284,10627,2,2,,,,2.0,1
3285,10627,2,2,,,,2.0,1
3286,10592,1,1,3.0,2,2.0,2.0,1
3287,10597,1,2,1.0,1,2.0,1.0,1
3288,10597,1,2,1.0,1,2.0,1.0,1
3289,10592,1,1,3.0,2,2.0,2.0,1
3290,10612,1,2,2.0,1,1.0,1.0,0
3291,10612,1,2,2.0,1,1.0,1.0,0
3292,10597,1,2,1.0,1,2.0,1.0,1
3293,10607,1,2,,,,1.0,1
3294,10607,1,2,,,,1.0,1
3295,10597,1,2,1.0,1,2.0,1.0,1
3296,10627,2,2,,,,2.0,1
3297,10597,1,2,1.0,1,2.0,1.0,1
3298,10597,1,2,1.0,1,2.0,1.0,1
3299,10612,1,2,2.0,1,1.0,1.0,0
3300,10622,2,2,,,,2.0,1
3301,10622,2,2,,,,2.0,1
3302,10622,2,2,,,,2.0,1
3303,10622,2,2,,,,2.0,1
3304,10622,2,2,,,,2.0,1
3305,10622,2,2,,,,2.0,1
3306,10622,2,2,,,,2.0,1
3307,10622,2,2,,,,2.0,1
3308,10622,2,2,,,,2.0,1
3309,10627,2,2,,,,2.0,1
3310,10627,2,2,,,,2.0,1
3311,10612,1,2,2.0,1,1.0,1.0,0
3312,10592,1,1,3.0,2,2.0,2.0,1
3313,10592,1,1,3.0,2,2.0,2.0,1
3314,10592,1,1,3.0,2,2.0,2.0,1
3315,10597,1,2,1.0,1,2.0,1.0,1
3316,10627,2,2,,,,2.0,1
3317,10622,2,2,,,,2.0,1
3318,10607,1,2,,,,1.0,1
3319,10597,1,2,1.0,1,2.0,1.0,1
3320,10617,1,2,,,,1.0,1
3321,10617,1,2,,,,1.0,1
3322,10617,1,2,,,,1.0,1
3323,10597,1,2,1.0,1,2.0,1.0,1
3324,10592,1,1,3.0,4,1.0,1.0,1
3325,10602,1,2,3.0,4,1.0,1.0,0
3326,10612,1,2,3.0,3,1.0,1.0,0
3327,10597,1,2,1.0,1,2.0,1.0,1
3328,10597,2,2,2.0,4,2.0,1.0,0
3329,10597,1,1,1.0,2,1.0,1.0,1
3330,10597,1,1,1.0,4,1.0,2.0,1
3331,10602,1,2,1.0,1,2.0,1.0,1
3332,10592,1,1,3.0,2,2.0,2.0,1
3333,10592,1,1,3.0,3,1.0,2.0,1
3334,10612,1,2,2.0,1,1.0,1.0,0
3335,10612,2,1,1.0,1,2.0,1.0,1
3336,10592,1,2,4.0,"System complexity (hard for front-office secretaries & admins to understand & maneuver), Lack of robustness (inability to handle & process big data instantaneously), Outdated Information Management systems.",1.0,1.0, Yes
3337,10607,1,2,,,,1.0,1
3338,10617,1,2,,,,1.0,1
3339,10622,2,2,,,,2.0,1
3340,10627,2,2,,,,2.0,1
3341,10592,1,1,3.0,2,2.0,2.0,1
3342,10592,1,1,3.0,3,1.0,2.0,1
3343,10592,1,1,3.0,2,2.0,2.0,1
3344,10592,1,1,3.0,3,1.0,2.0,1
3345,10592,1,1,3.0,2,2.0,2.0,1
3346,10592,1,1,3.0,3,1.0,2.0,1
3347,10612,1,2,2.0,1,1.0,1.0,0
3348,10592,1,1,3.0,4,1.0,1.0,1
3349,10597,1,2,1.0,1,2.0,1.0,1
3350,10592,1,1,3.0,2,2.0,2.0,1
3351,10592,1,1,3.0,3,1.0,2.0,1
3352,10617,1,2,,,,1.0,1
3353,10602,1,2,1.0,1,2.0,1.0,1
3354,10602,1,2,1.0,1,2.0,1.0,1
3355,10622,2,2,,,,2.0,1
3356,10617,1,2,,,,1.0,1
3357,10622,2,2,,,,2.0,1
3358,10602,1,2,1.0,1,2.0,1.0,1
3359,10617,1,2,,,,1.0,1
3360,10592,1,1,3.0,2,2.0,2.0,1
3361,10607,1,2,,,,1.0,1
3362,10592,1,1,3.0,3,1.0,2.0,1
3363,10627,2,2,,,,2.0,1
3364,10617,1,2,,,,1.0,1
3365,10592,1,1,3.0,3,1.0,2.0,1
3366,10592,1,1,3.0,3,1.0,2.0,1
3367,10612,1,2,2.0,1,1.0,1.0,0
3368,10597,1,2,1.0,1,2.0,1.0,1
3369,10592,1,1,3.0,3,1.0,2.0,1
3370,10622,2,2,,,,2.0,1
3371,10622,2,2,,,,2.0,1
3372,10607,1,2,,,,1.0,1
3373,10592,1,1,3.0,3,1.0,2.0,1
3374,10622,2,2,,,,2.0,1
3375,10597,1,2,1.0,1,2.0,1.0,1
3376,10617,1,2,,,,1.0,1
3377,10602,1,2,1.0,1,2.0,1.0,1
3378,10617,1,2,,,,1.0,1
3379,10622,2,2,,,,2.0,1
3380,10592,1,1,3.0,2,2.0,2.0,1
3381,10607,1,2,,,,1.0,1
3382,10627,2,2,,,,2.0,1
3383,10627,2,2,,,,2.0,1
3384,10592,1,1,3.0,4,1.0,1.0,1
3385,10627,2,2,,,,2.0,1
3386,10612,1,2,2.0,1,1.0,1.0,0
3387,10592,1,1,3.0,4,1.0,1.0,1
3388,10592,1,1,3.0,4,1.0,1.0,1
3389,10617,1,2,,,,1.0,1
3390,10602,1,2,1.0,1,2.0,1.0,1
3391,10627,2,2,,,,2.0,1
3392,10592,1,1,3.0,2,2.0,2.0,1
3393,10607,1,2,,,,1.0,1
3394,10592,1,1,3.0,2,2.0,2.0,1
3395,10607,1,2,,,,1.0,1
3396,10607,1,2,,,,1.0,1
3397,10612,1,2,2.0,1,1.0,1.0,0
3398,10592,1,1,3.0,2,2.0,2.0,1
3399,10627,2,2,,,,2.0,1
3400,10612,1,2,2.0,1,1.0,1.0,0
3401,10612,1,2,2.0,1,1.0,1.0,0
3402,10602,1,2,1.0,1,2.0,1.0,1
3403,10617,1,2,,,,1.0,1
3404,10602,1,2,1.0,1,2.0,1.0,1
3405,10612,1,2,2.0,1,1.0,1.0,0
3406,10627,2,2,,,,2.0,1
3407,10612,1,2,2.0,1,1.0,1.0,0
3408,10617,1,2,,,,1.0,1
3409,10602,1,2,1.0,1,2.0,1.0,1
3410,10602,1,2,1.0,1,2.0,1.0,1
3411,10612,1,2,2.0,1,1.0,1.0,0
3412,10597,1,2,1.0,1,2.0,1.0,1
3413,10597,1,2,1.0,1,2.0,1.0,1
3414,10607,1,2,,,,1.0,1
3415,10597,1,2,1.0,1,2.0,1.0,1
3416,10607,1,2,,,,1.0,1
3417,10597,1,2,1.0,1,2.0,1.0,1
3418,10607,1,2,,,,1.0,1
3419,10602,1,2,1.0,1,2.0,1.0,1
3420,10607,1,2,,,,1.0,1
3421,10627,2,2,,,,2.0,1
3422,10612,1,2,2.0,1,1.0,1.0,0
3423,10607,1,2,,,,1.0,1
3424,10622,2,2,,,,2.0,1
3425,10592,1,1,3.0,2,2.0,2.0,1
3426,10617,1,2,,,,1.0,1
3427,10612,1,2,2.0,1,1.0,1.0,0
3428,10617,1,2,,,,1.0,1
3429,10617,1,2,,,,1.0,1
3430,10627,2,2,,,,2.0,1
3431,10597,1,2,1.0,1,2.0,1.0,1
3432,10612,1,2,2.0,1,1.0,1.0,0
3433,10602,1,2,1.0,1,2.0,1.0,1
3434,10607,1,2,,,,1.0,1
3435,10617,1,2,,,,1.0,1
3436,10617,1,2,,,,1.0,1
3437,10622,2,2,,,,2.0,1
3438,10592,1,1,3.0,2,2.0,2.0,1
3439,10612,1,2,2.0,1,1.0,1.0,0
3440,10612,1,2,2.0,1,1.0,1.0,0
3441,10602,1,2,1.0,1,2.0,1.0,1
3442,10617,1,2,,,,1.0,1
3443,10627,2,2,,,,2.0,1
3444,10597,1,2,1.0,1,2.0,1.0,1
3445,10597,1,2,1.0,1,2.0,1.0,1
3446,10597,1,2,1.0,1,2.0,1.0,1
3447,10597,1,2,1.0,1,2.0,1.0,1
3448,10597,1,2,1.0,1,2.0,1.0,1
3449,10617,1,2,,,,1.0,1
3450,10612,1,2,2.0,1,1.0,1.0,0
3451,10597,1,2,1.0,1,2.0,1.0,1
3452,10592,1,1,3.0,2,2.0,2.0,1
3453,10607,1,2,,,,1.0,1
3454,10627,2,2,,,,2.0,1
3455,10627,2,2,,,,2.0,1
3456,10627,2,2,,,,2.0,1
3457,10592,1,1,3.0,2,2.0,2.0,1
3458,10597,1,2,1.0,1,2.0,1.0,1
3459,10597,1,2,1.0,1,2.0,1.0,1
3460,10592,1,1,3.0,2,2.0,2.0,1
3461,10612,1,2,2.0,1,1.0,1.0,0
3462,10612,1,2,2.0,1,1.0,1.0,0
3463,10597,1,2,1.0,1,2.0,1.0,1
3464,10607,1,2,,,,1.0,1
3465,10607,1,2,,,,1.0,1
3466,10597,1,2,1.0,1,2.0,1.0,1
3467,10627,2,2,,,,2.0,1
3468,10597,1,2,1.0,1,2.0,1.0,1
3469,10597,1,2,1.0,1,2.0,1.0,1
3470,10612,1,2,2.0,1,1.0,1.0,0
3471,10622,2,2,,,,2.0,1
3472,10622,2,2,,,,2.0,1
3473,10622,2,2,,,,2.0,1
3474,10622,2,2,,,,2.0,1
3475,10622,2,2,,,,2.0,1
3476,10622,2,2,,,,2.0,1
3477,10622,2,2,,,,2.0,1
3478,10622,2,2,,,,2.0,1
3479,10622,2,2,,,,2.0,1
3480,10627,2,2,,,,2.0,1
3481,10627,2,2,,,,2.0,1
3482,10612,1,2,2.0,1,1.0,1.0,0
3483,10592,1,1,3.0,2,2.0,2.0,1
3484,10592,1,1,3.0,2,2.0,2.0,1
3485,10592,1,1,3.0,2,2.0,2.0,1
3486,10597,1,2,1.0,1,2.0,1.0,1
3487,10627,2,2,,,,2.0,1
3488,10622,2,2,,,,2.0,1
3489,10607,1,2,,,,1.0,1
3490,10597,1,2,1.0,1,2.0,1.0,1
3491,10617,1,2,,,,1.0,1
3492,10617,1,2,,,,1.0,1
3493,10617,1,2,,,,1.0,1
3494,10597,1,2,1.0,1,2.0,1.0,1
3495,10592,1,1,3.0,4,1.0,1.0,1
3496,10602,1,2,3.0,4,1.0,1.0,0
3497,10612,1,2,3.0,3,1.0,1.0,0
3498,10597,1,2,1.0,1,2.0,1.0,1
3499,10597,2,2,2.0,4,2.0,1.0,0
3500,10597,1,1,1.0,2,1.0,1.0,1
3501,10597,1,1,1.0,4,1.0,2.0,1
3502,10602,1,2,1.0,1,2.0,1.0,1
3503,10592,1,1,3.0,2,2.0,2.0,1
3504,10592,1,1,3.0,3,1.0,2.0,1
3505,10612,1,2,2.0,1,1.0,1.0,0
3506,10612,2,1,1.0,1,2.0,1.0,1
3507,10592,1,2,4.0,"System complexity (hard for front-office secretaries & admins to understand & maneuver), Lack of robustness (inability to handle & process big data instantaneously), Outdated Information Management systems.",1.0,1.0, Yes
3508,10607,1,2,,,,1.0,1
3509,10617,1,2,,,,1.0,1
3510,10622,2,2,,,,2.0,1
3511,10627,2,2,,,,2.0,1
3512,10592,1,1,3.0,2,2.0,2.0,1
3513,10592,1,1,3.0,3,1.0,2.0,1
3514,10592,1,1,3.0,2,2.0,2.0,1
3515,10592,1,1,3.0,3,1.0,2.0,1
3516,10592,1,1,3.0,2,2.0,2.0,1
3517,10592,1,1,3.0,3,1.0,2.0,1
3518,10612,1,2,2.0,1,1.0,1.0,0
3519,10592,1,1,3.0,4,1.0,1.0,1
3520,10597,1,2,1.0,1,2.0,1.0,1
3521,10592,1,1,3.0,2,2.0,2.0,1
3522,10592,1,1,3.0,3,1.0,2.0,1
3523,10617,1,2,,,,1.0,1
3524,10602,1,2,1.0,1,2.0,1.0,1
3525,10602,1,2,1.0,1,2.0,1.0,1
3526,10622,2,2,,,,2.0,1
3527,10617,1,2,,,,1.0,1
3528,10622,2,2,,,,2.0,1
3529,10602,1,2,1.0,1,2.0,1.0,1
3530,10617,1,2,,,,1.0,1
3531,10592,1,1,3.0,2,2.0,2.0,1
3532,10607,1,2,,,,1.0,1
3533,10592,1,1,3.0,3,1.0,2.0,1
3534,10627,2,2,,,,2.0,1
3535,10617,1,2,,,,1.0,1
3536,10592,1,1,3.0,3,1.0,2.0,1
3537,10592,1,1,3.0,3,1.0,2.0,1
3538,10612,1,2,2.0,1,1.0,1.0,0
3539,10597,1,2,1.0,1,2.0,1.0,1
3540,10592,1,1,3.0,3,1.0,2.0,1
3541,10622,2,2,,,,2.0,1
3542,10622,2,2,,,,2.0,1
3543,10607,1,2,,,,1.0,1
3544,10592,1,1,3.0,3,1.0,2.0,1
3545,10622,2,2,,,,2.0,1
3546,10597,1,2,1.0,1,2.0,1.0,1
3547,10617,1,2,,,,1.0,1
3548,10602,1,2,1.0,1,2.0,1.0,1
3549,10617,1,2,,,,1.0,1
3550,10622,2,2,,,,2.0,1
3551,10592,1,1,3.0,2,2.0,2.0,1
3552,10607,1,2,,,,1.0,1
3553,10627,2,2,,,,2.0,1
3554,10627,2,2,,,,2.0,1
3555,10592,1,1,3.0,4,1.0,1.0,1
3556,10627,2,2,,,,2.0,1
3557,10612,1,2,2.0,1,1.0,1.0,0
3558,10592,1,1,3.0,4,1.0,1.0,1
3559,10592,1,1,3.0,4,1.0,1.0,1
3560,10617,1,2,,,,1.0,1
3561,10602,1,2,1.0,1,2.0,1.0,1
3562,10627,2,2,,,,2.0,1
3563,10592,1,1,3.0,2,2.0,2.0,1
3564,10607,1,2,,,,1.0,1
3565,10592,1,1,3.0,2,2.0,2.0,1
3566,10607,1,2,,,,1.0,1
3567,10607,1,2,,,,1.0,1
3568,10612,1,2,2.0,1,1.0,1.0,0
3569,10592,1,1,3.0,2,2.0,2.0,1
3570,10627,2,2,,,,2.0,1
3571,10612,1,2,2.0,1,1.0,1.0,0
3572,10612,1,2,2.0,1,1.0,1.0,0
3573,10602,1,2,1.0,1,2.0,1.0,1
3574,10617,1,2,,,,1.0,1
3575,10602,1,2,1.0,1,2.0,1.0,1
3576,10612,1,2,2.0,1,1.0,1.0,0
3577,10627,2,2,,,,2.0,1
3578,10612,1,2,2.0,1,1.0,1.0,0
3579,10617,1,2,,,,1.0,1
3580,10602,1,2,1.0,1,2.0,1.0,1
3581,10602,1,2,1.0,1,2.0,1.0,1
3582,10612,1,2,2.0,1,1.0,1.0,0
3583,10597,1,2,1.0,1,2.0,1.0,1
3584,10597,1,2,1.0,1,2.0,1.0,1
3585,10607,1,2,,,,1.0,1
3586,10597,1,2,1.0,1,2.0,1.0,1
3587,10607,1,2,,,,1.0,1
3588,10597,1,2,1.0,1,2.0,1.0,1
3589,10607,1,2,,,,1.0,1
3590,10602,1,2,1.0,1,2.0,1.0,1
3591,10607,1,2,,,,1.0,1
3592,10627,2,2,,,,2.0,1
3593,10612,1,2,2.0,1,1.0,1.0,0
3594,10607,1,2,,,,1.0,1
3595,10622,2,2,,,,2.0,1
3596,10592,1,1,3.0,2,2.0,2.0,1
3597,10617,1,2,,,,1.0,1
3598,10612,1,2,2.0,1,1.0,1.0,0
3599,10617,1,2,,,,1.0,1
3600,10617,1,2,,,,1.0,1
3601,10627,2,2,,,,2.0,1
3602,10597,1,2,1.0,1,2.0,1.0,1
3603,10612,1,2,2.0,1,1.0,1.0,0
3604,10602,1,2,1.0,1,2.0,1.0,1
3605,10607,1,2,,,,1.0,1
3606,10617,1,2,,,,1.0,1
3607,10617,1,2,,,,1.0,1
3608,10622,2,2,,,,2.0,1
3609,10592,1,1,3.0,2,2.0,2.0,1
3610,10612,1,2,2.0,1,1.0,1.0,0
3611,10612,1,2,2.0,1,1.0,1.0,0
3612,10602,1,2,1.0,1,2.0,1.0,1
3613,10617,1,2,,,,1.0,1
3614,10627,2,2,,,,2.0,1
3615,10597,1,2,1.0,1,2.0,1.0,1
3616,10597,1,2,1.0,1,2.0,1.0,1
3617,10597,1,2,1.0,1,2.0,1.0,1
3618,10597,1,2,1.0,1,2.0,1.0,1
3619,10597,1,2,1.0,1,2.0,1.0,1
3620,10617,1,2,,,,1.0,1
3621,10612,1,2,2.0,1,1.0,1.0,0
3622,10597,1,2,1.0,1,2.0,1.0,1
3623,10592,1,1,3.0,2,2.0,2.0,1
3624,10607,1,2,,,,1.0,1
3625,10627,2,2,,,,2.0,1
3626,10627,2,2,,,,2.0,1
3627,10627,2,2,,,,2.0,1
3628,10592,1,1,3.0,2,2.0,2.0,1
3629,10597,1,2,1.0,1,2.0,1.0,1
3630,10597,1,2,1.0,1,2.0,1.0,1
3631,10592,1,1,3.0,2,2.0,2.0,1
3632,10612,1,2,2.0,1,1.0,1.0,0
3633,10612,1,2,2.0,1,1.0,1.0,0
3634,10597,1,2,1.0,1,2.0,1.0,1
3635,10607,1,2,,,,1.0,1
3636,10607,1,2,,,,1.0,1
3637,10597,1,2,1.0,1,2.0,1.0,1
3638,10627,2,2,,,,2.0,1
3639,10597,1,2,1.0,1,2.0,1.0,1
3640,10597,1,2,1.0,1,2.0,1.0,1
3641,10612,1,2,2.0,1,1.0,1.0,0
3642,10622,2,2,,,,2.0,1
3643,10622,2,2,,,,2.0,1
3644,10622,2,2,,,,2.0,1
3645,10622,2,2,,,,2.0,1
3646,10622,2,2,,,,2.0,1
3647,10622,2,2,,,,2.0,1
3648,10622,2,2,,,,2.0,1
3649,10622,2,2,,,,2.0,1
3650,10622,2,2,,,,2.0,1
3651,10627,2,2,,,,2.0,1
3652,10627,2,2,,,,2.0,1
3653,10612,1,2,2.0,1,1.0,1.0,0
3654,10592,1,1,3.0,2,2.0,2.0,1
3655,10592,1,1,3.0,2,2.0,2.0,1
3656,10592,1,1,3.0,2,2.0,2.0,1
3657,10597,1,2,1.0,1,2.0,1.0,1
3658,10627,2,2,,,,2.0,1
3659,10622,2,2,,,,2.0,1
3660,10607,1,2,,,,1.0,1
3661,10597,1,2,1.0,1,2.0,1.0,1
3662,10617,1,2,,,,1.0,1
3663,10617,1,2,,,,1.0,1
3664,10617,1,2,,,,1.0,1
3665,10597,1,2,1.0,1,2.0,1.0,1
3666,10592,1,1,3.0,4,1.0,1.0,1
3667,10592,1,1,3.0,4,1.0,1.0,1
3668,10592,1,1,3.0,4,1.0,1.0,1
3669,10592,1,1,3.0,4,1.0,1.0,1
3670,10592,1,1,3.0,4,1.0,1.0,1
3671,10592,1,1,3.0,4,1.0,1.0,1
3672,10602,1,2,3.0,4,1.0,1.0,0
3673,10612,1,2,3.0,3,1.0,1.0,0
3674,10597,1,2,1.0,1,2.0,1.0,1
3675,10597,2,2,2.0,4,2.0,1.0,0
3676,10597,1,1,1.0,2,1.0,1.0,1
3677,10597,1,1,1.0,4,1.0,2.0,1
3678,10602,1,2,1.0,1,2.0,1.0,1
3679,10592,1,1,3.0,2,2.0,2.0,1
3680,10592,1,1,3.0,3,1.0,2.0,1
3681,10612,1,2,2.0,1,1.0,1.0,0
3682,10612,2,1,1.0,1,2.0,1.0,1
3683,10592,1,2,4.0,"System complexity (hard for front-office secretaries & admins to understand & maneuver), Lack of robustness (inability to handle & process big data instantaneously), Outdated Information Management systems.",1.0,1.0, Yes
3684,10607,1,2,,,,1.0,1
3685,10617,1,2,,,,1.0,1
3686,10622,2,2,,,,2.0,1
3687,10627,2,2,,,,2.0,1
3688,10592,1,1,3.0,2,2.0,2.0,1
3689,10592,1,1,3.0,3,1.0,2.0,1
3690,10592,1,1,3.0,2,2.0,2.0,1
3691,10592,1,1,3.0,3,1.0,2.0,1
3692,10592,1,1,3.0,2,2.0,2.0,1
3693,10592,1,1,3.0,3,1.0,2.0,1
3694,10612,1,2,2.0,1,1.0,1.0,0
3695,10592,1,1,3.0,4,1.0,1.0,1
3696,10597,1,2,1.0,1,2.0,1.0,1
3697,10592,1,1,3.0,2,2.0,2.0,1
3698,10592,1,1,3.0,3,1.0,2.0,1
3699,10617,1,2,,,,1.0,1
3700,10602,1,2,1.0,1,2.0,1.0,1
3701,10602,1,2,1.0,1,2.0,1.0,1
3702,10622,2,2,,,,2.0,1
3703,10617,1,2,,,,1.0,1
3704,10622,2,2,,,,2.0,1
3705,10602,1,2,1.0,1,2.0,1.0,1
3706,10617,1,2,,,,1.0,1
3707,10592,1,1,3.0,2,2.0,2.0,1
3708,10607,1,2,,,,1.0,1
3709,10592,1,1,3.0,3,1.0,2.0,1
3710,10627,2,2,,,,2.0,1
3711,10617,1,2,,,,1.0,1
3712,10592,1,1,3.0,3,1.0,2.0,1
3713,10592,1,1,3.0,3,1.0,2.0,1
3714,10612,1,2,2.0,1,1.0,1.0,0
3715,10597,1,2,1.0,1,2.0,1.0,1
3716,10592,1,1,3.0,3,1.0,2.0,1
3717,10622,2,2,,,,2.0,1
3718,10622,2,2,,,,2.0,1
3719,10607,1,2,,,,1.0,1
3720,10592,1,1,3.0,3,1.0,2.0,1
3721,10622,2,2,,,,2.0,1
3722,10597,1,2,1.0,1,2.0,1.0,1
3723,10617,1,2,,,,1.0,1
3724,10602,1,2,1.0,1,2.0,1.0,1
3725,10617,1,2,,,,1.0,1
3726,10622,2,2,,,,2.0,1
3727,10592,1,1,3.0,2,2.0,2.0,1
3728,10607,1,2,,,,1.0,1
3729,10627,2,2,,,,2.0,1
3730,10627,2,2,,,,2.0,1
3731,10592,1,1,3.0,4,1.0,1.0,1
3732,10627,2,2,,,,2.0,1
3733,10612,1,2,2.0,1,1.0,1.0,0
3734,10592,1,1,3.0,4,1.0,1.0,1
3735,10592,1,1,3.0,4,1.0,1.0,1
3736,10617,1,2,,,,1.0,1
3737,10602,1,2,1.0,1,2.0,1.0,1
3738,10627,2,2,,,,2.0,1
3739,10592,1,1,3.0,2,2.0,2.0,1
3740,10607,1,2,,,,1.0,1
3741,10592,1,1,3.0,2,2.0,2.0,1
3742,10607,1,2,,,,1.0,1
3743,10607,1,2,,,,1.0,1
3744,10612,1,2,2.0,1,1.0,1.0,0
3745,10592,1,1,3.0,2,2.0,2.0,1
3746,10627,2,2,,,,2.0,1
3747,10612,1,2,2.0,1,1.0,1.0,0
3748,10612,1,2,2.0,1,1.0,1.0,0
3749,10602,1,2,1.0,1,2.0,1.0,1
3750,10617,1,2,,,,1.0,1
3751,10602,1,2,1.0,1,2.0,1.0,1
3752,10612,1,2,2.0,1,1.0,1.0,0
3753,10627,2,2,,,,2.0,1
3754,10612,1,2,2.0,1,1.0,1.0,0
3755,10617,1,2,,,,1.0,1
3756,10602,1,2,1.0,1,2.0,1.0,1
3757,10602,1,2,1.0,1,2.0,1.0,1
3758,10612,1,2,2.0,1,1.0,1.0,0
3759,10597,1,2,1.0,1,2.0,1.0,1
3760,10597,1,2,1.0,1,2.0,1.0,1
3761,10607,1,2,,,,1.0,1
3762,10597,1,2,1.0,1,2.0,1.0,1
3763,10607,1,2,,,,1.0,1
3764,10597,1,2,1.0,1,2.0,1.0,1
3765,10607,1,2,,,,1.0,1
3766,10602,1,2,1.0,1,2.0,1.0,1
3767,10607,1,2,,,,1.0,1
3768,10627,2,2,,,,2.0,1
3769,10612,1,2,2.0,1,1.0,1.0,0
3770,10607,1,2,,,,1.0,1
3771,10622,2,2,,,,2.0,1
3772,10592,1,1,3.0,2,2.0,2.0,1
3773,10617,1,2,,,,1.0,1
3774,10612,1,2,2.0,1,1.0,1.0,0
3775,10617,1,2,,,,1.0,1
3776,10617,1,2,,,,1.0,1
3777,10627,2,2,,,,2.0,1
3778,10597,1,2,1.0,1,2.0,1.0,1
3779,10612,1,2,2.0,1,1.0,1.0,0
3780,10602,1,2,1.0,1,2.0,1.0,1
3781,10607,1,2,,,,1.0,1
3782,10617,1,2,,,,1.0,1
3783,10617,1,2,,,,1.0,1
3784,10622,2,2,,,,2.0,1
3785,10592,1,1,3.0,2,2.0,2.0,1
3786,10612,1,2,2.0,1,1.0,1.0,0
3787,10612,1,2,2.0,1,1.0,1.0,0
3788,10602,1,2,1.0,1,2.0,1.0,1
3789,10617,1,2,,,,1.0,1
3790,10627,2,2,,,,2.0,1
3791,10597,1,2,1.0,1,2.0,1.0,1
3792,10597,1,2,1.0,1,2.0,1.0,1
3793,10597,1,2,1.0,1,2.0,1.0,1
3794,10597,1,2,1.0,1,2.0,1.0,1
3795,10597,1,2,1.0,1,2.0,1.0,1
3796,10617,1,2,,,,1.0,1
3797,10612,1,2,2.0,1,1.0,1.0,0
3798,10597,1,2,1.0,1,2.0,1.0,1
3799,10592,1,1,3.0,2,2.0,2.0,1
3800,10607,1,2,,,,1.0,1
3801,10627,2,2,,,,2.0,1
3802,10627,2,2,,,,2.0,1
3803,10627,2,2,,,,2.0,1
3804,10592,1,1,3.0,2,2.0,2.0,1
3805,10597,1,2,1.0,1,2.0,1.0,1
3806,10597,1,2,1.0,1,2.0,1.0,1
3807,10592,1,1,3.0,2,2.0,2.0,1
3808,10612,1,2,2.0,1,1.0,1.0,0
3809,10612,1,2,2.0,1,1.0,1.0,0
3810,10597,1,2,1.0,1,2.0,1.0,1
3811,10607,1,2,,,,1.0,1
3812,10607,1,2,,,,1.0,1
3813,10597,1,2,1.0,1,2.0,1.0,1
3814,10627,2,2,,,,2.0,1
3815,10597,1,2,1.0,1,2.0,1.0,1
3816,10597,1,2,1.0,1,2.0,1.0,1
3817,10612,1,2,2.0,1,1.0,1.0,0
3818,10622,2,2,,,,2.0,1
3819,10622,2,2,,,,2.0,1
3820,10622,2,2,,,,2.0,1
3821,10622,2,2,,,,2.0,1
3822,10622,2,2,,,,2.0,1
3823,10622,2,2,,,,2.0,1
3824,10622,2,2,,,,2.0,1
3825,10622,2,2,,,,2.0,1
3826,10622,2,2,,,,2.0,1
3827,10627,2,2,,,,2.0,1
3828,10627,2,2,,,,2.0,1
3829,10612,1,2,2.0,1,1.0,1.0,0
3830,10592,1,1,3.0,2,2.0,2.0,1
3831,10592,1,1,3.0,2,2.0,2.0,1
3832,10592,1,1,3.0,2,2.0,2.0,1
3833,10597,1,2,1.0,1,2.0,1.0,1
3834,10627,2,2,,,,2.0,1
3835,10622,2,2,,,,2.0,1
3836,10607,1,2,,,,1.0,1
3837,10597,1,2,1.0,1,2.0,1.0,1
3838,10617,1,2,,,,1.0,1
3839,10617,1,2,,,,1.0,1
3840,10617,1,2,,,,1.0,1
3841,10597,1,2,1.0,1,2.0,1.0,1
3842,10592,1,1,3.0,4,1.0,1.0,1
3843,10602,1,2,3.0,4,1.0,1.0,0
3844,10612,1,2,3.0,3,1.0,1.0,0
3845,10597,1,2,1.0,1,2.0,1.0,1
3846,10597,2,2,2.0,4,2.0,1.0,0
3847,10597,1,1,1.0,2,1.0,1.0,1
3848,10597,1,1,1.0,4,1.0,2.0,1
3849,10602,1,2,1.0,1,2.0,1.0,1
3850,10592,1,1,3.0,2,2.0,2.0,1
3851,10592,1,1,3.0,3,1.0,2.0,1
3852,10612,1,2,2.0,1,1.0,1.0,0
3853,10612,2,1,1.0,1,2.0,1.0,1
3854,10592,1,2,4.0,"System complexity (hard for front-office secretaries & admins to understand & maneuver), Lack of robustness (inability to handle & process big data instantaneously), Outdated Information Management systems.",1.0,1.0, Yes
3855,10607,1,2,,,,1.0,1
3856,10617,1,2,,,,1.0,1
3857,10622,2,2,,,,2.0,1
3858,10627,2,2,,,,2.0,1
3859,10592,1,1,3.0,2,2.0,2.0,1
3860,10592,1,1,3.0,3,1.0,2.0,1
3861,10592,1,1,3.0,2,2.0,2.0,1
3862,10592,1,1,3.0,3,1.0,2.0,1
3863,10592,1,1,3.0,2,2.0,2.0,1
3864,10592,1,1,3.0,3,1.0,2.0,1
3865,10612,1,2,2.0,1,1.0,1.0,0
3866,10592,1,1,3.0,4,1.0,1.0,1
3867,10597,1,2,1.0,1,2.0,1.0,1
3868,10592,1,1,3.0,2,2.0,2.0,1
3869,10592,1,1,3.0,3,1.0,2.0,1
3870,10617,1,2,,,,1.0,1
3871,10602,1,2,1.0,1,2.0,1.0,1
3872,10602,1,2,1.0,1,2.0,1.0,1
3873,10622,2,2,,,,2.0,1
3874,10617,1,2,,,,1.0,1
3875,10622,2,2,,,,2.0,1
3876,10602,1,2,1.0,1,2.0,1.0,1
3877,10617,1,2,,,,1.0,1
3878,10592,1,1,3.0,2,2.0,2.0,1
3879,10607,1,2,,,,1.0,1
3880,10592,1,1,3.0,3,1.0,2.0,1
3881,10627,2,2,,,,2.0,1
3882,10617,1,2,,,,1.0,1
3883,10592,1,1,3.0,3,1.0,2.0,1
3884,10592,1,1,3.0,3,1.0,2.0,1
3885,10612,1,2,2.0,1,1.0,1.0,0
3886,10597,1,2,1.0,1,2.0,1.0,1
3887,10592,1,1,3.0,3,1.0,2.0,1
3888,10622,2,2,,,,2.0,1
3889,10622,2,2,,,,2.0,1
3890,10607,1,2,,,,1.0,1
3891,10592,1,1,3.0,3,1.0,2.0,1
3892,10622,2,2,,,,2.0,1
3893,10597,1,2,1.0,1,2.0,1.0,1
3894,10617,1,2,,,,1.0,1
3895,10602,1,2,1.0,1,2.0,1.0,1
3896,10617,1,2,,,,1.0,1
3897,10622,2,2,,,,2.0,1
3898,10592,1,1,3.0,2,2.0,2.0,1
3899,10607,1,2,,,,1.0,1
3900,10627,2,2,,,,2.0,1
3901,10627,2,2,,,,2.0,1
3902,10592,1,1,3.0,4,1.0,1.0,1
3903,10627,2,2,,,,2.0,1
3904,10612,1,2,2.0,1,1.0,1.0,0
3905,10592,1,1,3.0,4,1.0,1.0,1
3906,10592,1,1,3.0,4,1.0,1.0,1
3907,10617,1,2,,,,1.0,1
3908,10602,1,2,1.0,1,2.0,1.0,1
3909,10627,2,2,,,,2.0,1
3910,10592,1,1,3.0,2,2.0,2.0,1
3911,10607,1,2,,,,1.0,1
3912,10592,1,1,3.0,2,2.0,2.0,1
3913,10607,1,2,,,,1.0,1
3914,10607,1,2,,,,1.0,1
3915,10612,1,2,2.0,1,1.0,1.0,0
3916,10592,1,1,3.0,2,2.0,2.0,1
3917,10627,2,2,,,,2.0,1
3918,10612,1,2,2.0,1,1.0,1.0,0
3919,10612,1,2,2.0,1,1.0,1.0,0
3920,10602,1,2,1.0,1,2.0,1.0,1
3921,10617,1,2,,,,1.0,1
3922,10602,1,2,1.0,1,2.0,1.0,1
3923,10612,1,2,2.0,1,1.0,1.0,0
3924,10627,2,2,,,,2.0,1
3925,10612,1,2,2.0,1,1.0,1.0,0
3926,10617,1,2,,,,1.0,1
3927,10602,1,2,1.0,1,2.0,1.0,1
3928,10602,1,2,1.0,1,2.0,1.0,1
3929,10612,1,2,2.0,1,1.0,1.0,0
3930,10597,1,2,1.0,1,2.0,1.0,1
3931,10597,1,2,1.0,1,2.0,1.0,1
3932,10607,1,2,,,,1.0,1
3933,10597,1,2,1.0,1,2.0,1.0,1
3934,10607,1,2,,,,1.0,1
3935,10597,1,2,1.0,1,2.0,1.0,1
3936,10607,1,2,,,,1.0,1
3937,10602,1,2,1.0,1,2.0,1.0,1
3938,10607,1,2,,,,1.0,1
3939,10627,2,2,,,,2.0,1
3940,10612,1,2,2.0,1,1.0,1.0,0
3941,10607,1,2,,,,1.0,1
3942,10622,2,2,,,,2.0,1
3943,10592,1,1,3.0,2,2.0,2.0,1
3944,10617,1,2,,,,1.0,1
3945,10612,1,2,2.0,1,1.0,1.0,0
3946,10617,1,2,,,,1.0,1
3947,10617,1,2,,,,1.0,1
3948,10627,2,2,,,,2.0,1
3949,10597,1,2,1.0,1,2.0,1.0,1
3950,10612,1,2,2.0,1,1.0,1.0,0
3951,10602,1,2,1.0,1,2.0,1.0,1
3952,10607,1,2,,,,1.0,1
3953,10617,1,2,,,,1.0,1
3954,10617,1,2,,,,1.0,1
3955,10622,2,2,,,,2.0,1
3956,10592,1,1,3.0,2,2.0,2.0,1
3957,10612,1,2,2.0,1,1.0,1.0,0
3958,10612,1,2,2.0,1,1.0,1.0,0
3959,10602,1,2,1.0,1,2.0,1.0,1
3960,10617,1,2,,,,1.0,1
3961,10627,2,2,,,,2.0,1
3962,10597,1,2,1.0,1,2.0,1.0,1
3963,10597,1,2,1.0,1,2.0,1.0,1
3964,10597,1,2,1.0,1,2.0,1.0,1
3965,10597,1,2,1.0,1,2.0,1.0,1
3966,10597,1,2,1.0,1,2.0,1.0,1
3967,10617,1,2,,,,1.0,1
3968,10612,1,2,2.0,1,1.0,1.0,0
3969,10597,1,2,1.0,1,2.0,1.0,1
3970,10592,1,1,3.0,2,2.0,2.0,1
3971,10607,1,2,,,,1.0,1
3972,10627,2,2,,,,2.0,1
3973,10627,2,2,,,,2.0,1
3974,10627,2,2,,,,2.0,1
3975,10592,1,1,3.0,2,2.0,2.0,1
3976,10597,1,2,1.0,1,2.0,1.0,1
3977,10597,1,2,1.0,1,2.0,1.0,1
3978,10592,1,1,3.0,2,2.0,2.0,1
3979,10612,1,2,2.0,1,1.0,1.0,0
3980,10612,1,2,2.0,1,1.0,1.0,0
3981,10597,1,2,1.0,1,2.0,1.0,1
3982,10607,1,2,,,,1.0,1
3983,10607,1,2,,,,1.0,1
3984,10597,1,2,1.0,1,2.0,1.0,1
3985,10627,2,2,,,,2.0,1
3986,10597,1,2,1.0,1,2.0,1.0,1
3987,10597,1,2,1.0,1,2.0,1.0,1
3988,10612,1,2,2.0,1,1.0,1.0,0
3989,10622,2,2,,,,2.0,1
3990,10622,2,2,,,,2.0,1
3991,10622,2,2,,,,2.0,1
3992,10622,2,2,,,,2.0,1
3993,10622,2,2,,,,2.0,1
3994,10622,2,2,,,,2.0,1
3995,10622,2,2,,,,2.0,1
3996,10622,2,2,,,,2.0,1
3997,10622,2,2,,,,2.0,1
3998,10627,2,2,,,,2.0,1
3999,10627,2,2,,,,2.0,1
4000,10612,1,2,2.0,1,1.0,1.0,0
4001,10592,1,1,3.0,2,2.0,2.0,1
4002,10592,1,1,3.0,2,2.0,2.0,1
4003,10592,1,1,3.0,2,2.0,2.0,1
4004,10597,1,2,1.0,1,2.0,1.0,1
4005,10627,2,2,,,,2.0,1
4006,10622,2,2,,,,2.0,1
4007,10607,1,2,,,,1.0,1
4008,10597,1,2,1.0,1,2.0,1.0,1
4009,10617,1,2,,,,1.0,1
4010,10617,1,2,,,,1.0,1
4011,10617,1,2,,,,1.0,1
4012,10597,1,2,1.0,1,2.0,1.0,1
4013,10592,1,1,3.0,4,1.0,1.0,1
4014,10602,1,2,3.0,4,1.0,1.0,0
4015,10612,1,2,3.0,3,1.0,1.0,0
4016,10597,1,2,1.0,1,2.0,1.0,1
4017,10597,2,2,2.0,4,2.0,1.0,0
4018,10592,1,1,3.0,4,1.0,1.0,Yes 
4019,10602,1,2,3.0,4,1.0,1.0,0
4020,10612,1,2,3.0,3,1.0,1.0,0
4021,10597,1,2,1.0,1,2.0,1.0,1
4022,10597,2,2,2.0,4,2.0,1.0,0
4023,10597,1,1,1.0,2,1.0,1.0,1
4024,10597,1,1,1.0,4,1.0,2.0,1
4025,10602,1,2,1.0,1,2.0,1.0,1
4026,10592,1,1,3.0,2,2.0,2.0,1
4027,10592,1,1,3.0,3,1.0,2.0,1
4028,10612,1,2,2.0,1,1.0,1.0,0
4029,10612,2,1,1.0,1,2.0,1.0,1
4030,10592,1,2,4.0,"System complexity (hard for front-office secretaries & admins to understand & maneuver), Lack of robustness (inability to handle & process big data instantaneously), Outdated Information Management systems.",1.0,1.0,1
4031,10607,1,2,,,,1.0,1
4032,10617,1,2,,,,1.0,1
4033,10622,2,2,,,,2.0,1
4034,10627,2,2,,,,2.0,1
4035,10592,1,1,3.0,2,2.0,2.0,1
4036,10592,1,1,3.0,3,1.0,2.0,1
4037,10592,1,1,3.0,2,2.0,2.0,1
4038,10592,1,1,3.0,3,1.0,2.0,1
4039,10592,1,1,3.0,2,2.0,2.0,1
4040,10592,1,1,3.0,3,1.0,2.0,1
4041,10612,1,2,2.0,1,1.0,1.0,0
4042,10592,1,1,3.0,4,1.0,1.0,1
4043,10597,1,2,1.0,1,2.0,1.0,1
4044,10592,1,1,3.0,2,2.0,2.0,1
4045,10592,1,1,3.0,3,1.0,2.0,1
4046,10617,1,2,,,,1.0,1
4047,10602,1,2,1.0,1,2.0,1.0,1
4048,10602,1,2,1.0,1,2.0,1.0,1
4049,10622,2,2,,,,2.0,1
4050,10617,1,2,,,,1.0,1
4051,10622,2,2,,,,2.0,1
4052,10602,1,2,1.0,1,2.0,1.0,1
4053,10617,1,2,,,,1.0,1
4054,10592,1,1,3.0,2,2.0,2.0,1
4055,10607,1,2,,,,1.0,1
4056,10592,1,1,3.0,3,1.0,2.0,1
4057,10627,2,2,,,,2.0,1
4058,10617,1,2,,,,1.0,1
4059,10592,1,1,3.0,3,1.0,2.0,1
4060,10592,1,1,3.0,3,1.0,2.0,1
4061,10612,1,2,2.0,1,1.0,1.0,0
4062,10597,1,2,1.0,1,2.0,1.0,1
4063,10592,1,1,3.0,3,1.0,2.0,1
4064,10622,2,2,,,,2.0,1
4065,10622,2,2,,,,2.0,1
4066,10607,1,2,,,,1.0,1
4067,10592,1,1,3.0,3,1.0,2.0,1
4068,10622,2,2,,,,2.0,1
4069,10597,1,2,1.0,1,2.0,1.0,1
4070,10617,1,2,,,,1.0,1
4071,10602,1,2,1.0,1,2.0,1.0,1
4072,10617,1,2,,,,1.0,1
4073,10622,2,2,,,,2.0,1
4074,10592,1,1,3.0,2,2.0,2.0,1
4075,10607,1,2,,,,1.0,1
4076,10627,2,2,,,,2.0,1
4077,10627,2,2,,,,2.0,1
4078,10592,1,1,3.0,4,1.0,1.0,1
4079,10627,2,2,,,,2.0,1
4080,10612,1,2,2.0,1,1.0,1.0,0
4081,10592,1,1,3.0,4,1.0,1.0,1
4082,10592,1,1,3.0,4,1.0,1.0,1
4083,10617,1,2,,,,1.0,1
4084,10602,1,2,1.0,1,2.0,1.0,1
4085,10627,2,2,,,,2.0,1
4086,10592,1,1,3.0,2,2.0,2.0,1
4087,10607,1,2,,,,1.0,1
4088,10592,1,1,3.0,2,2.0,2.0,1
4089,10607,1,2,,,,1.0,1
4090,10607,1,2,,,,1.0,1
4091,10612,1,2,2.0,1,1.0,1.0,0
4092,10592,1,1,3.0,2,2.0,2.0,1
4093,10627,2,2,,,,2.0,1
4094,10612,1,2,2.0,1,1.0,1.0,0
4095,10612,1,2,2.0,1,1.0,1.0,0
4096,10602,1,2,1.0,1,2.0,1.0,1
4097,10617,1,2,,,,1.0,1
4098,10602,1,2,1.0,1,2.0,1.0,1
4099,10612,1,2,2.0,1,1.0,1.0,0
4100,10627,2,2,,,,2.0,1
4101,10612,1,2,2.0,1,1.0,1.0,0
4102,10617,1,2,,,,1.0,1
4103,10602,1,2,1.0,1,2.0,1.0,1
4104,10602,1,2,1.0,1,2.0,1.0,1
4105,10612,1,2,2.0,1,1.0,1.0,0
4106,10597,1,2,1.0,1,2.0,1.0,1
4107,10597,1,2,1.0,1,2.0,1.0,1
4108,10607,1,2,,,,1.0,1
4109,10597,1,2,1.0,1,2.0,1.0,1
4110,10607,1,2,,,,1.0,1
4111,10597,1,2,1.0,1,2.0,1.0,1
4112,10607,1,2,,,,1.0,1
4113,10602,1,2,1.0,1,2.0,1.0,1
4114,10607,1,2,,,,1.0,1
4115,10627,2,2,,,,2.0,1
4116,10612,1,2,2.0,1,1.0,1.0,0
4117,10607,1,2,,,,1.0,1
4118,10622,2,2,,,,2.0,1
4119,10592,1,1,3.0,2,2.0,2.0,1
4120,10617,1,2,,,,1.0,1
4121,10612,1,2,2.0,1,1.0,1.0,0
4122,10617,1,2,,,,1.0,1
4123,10617,1,2,,,,1.0,1
4124,10627,2,2,,,,2.0,1
4125,10597,1,2,1.0,1,2.0,1.0,1
4126,10612,1,2,2.0,1,1.0,1.0,0
4127,10602,1,2,1.0,1,2.0,1.0,1
4128,10607,1,2,,,,1.0,1
4129,10617,1,2,,,,1.0,1
4130,10617,1,2,,,,1.0,1
4131,10622,2,2,,,,2.0,1
4132,10592,1,1,3.0,2,2.0,2.0,1
4133,10612,1,2,2.0,1,1.0,1.0,0
4134,10612,1,2,2.0,1,1.0,1.0,0
4135,10602,1,2,1.0,1,2.0,1.0,1
4136,10617,1,2,,,,1.0,1
4137,10627,2,2,,,,2.0,1
4138,10597,1,2,1.0,1,2.0,1.0,1
4139,10597,1,2,1.0,1,2.0,1.0,1
4140,10597,1,2,1.0,1,2.0,1.0,1
4141,10597,1,2,1.0,1,2.0,1.0,1
4142,10597,1,2,1.0,1,2.0,1.0,1
4143,10617,1,2,,,,1.0,1
4144,10612,1,2,2.0,1,1.0,1.0,0
4145,10597,1,2,1.0,1,2.0,1.0,1
4146,10592,1,1,3.0,2,2.0,2.0,1
4147,10607,1,2,,,,1.0,1
4148,10627,2,2,,,,2.0,1
4149,10627,2,2,,,,2.0,1
4150,10627,2,2,,,,2.0,1
4151,10592,1,1,3.0,2,2.0,2.0,1
4152,10597,1,2,1.0,1,2.0,1.0,1
4153,10597,1,2,1.0,1,2.0,1.0,1
4154,10592,1,1,3.0,2,2.0,2.0,1
4155,10612,1,2,2.0,1,1.0,1.0,0
4156,10612,1,2,2.0,1,1.0,1.0,0
4157,10597,1,2,1.0,1,2.0,1.0,1
4158,10607,1,2,,,,1.0,1
4159,10607,1,2,,,,1.0,1
4160,10597,1,2,1.0,1,2.0,1.0,1
4161,10627,2,2,,,,2.0,1
4162,10597,1,2,1.0,1,2.0,1.0,1
4163,10597,1,2,1.0,1,2.0,1.0,1
4164,10612,1,2,2.0,1,1.0,1.0,0
4165,10622,2,2,,,,2.0,1
4166,10622,2,2,,,,2.0,1
4167,10622,2,2,,,,2.0,1
4168,10622,2,2,,,,2.0,1
4169,10622,2,2,,,,2.0,1
4170,10622,2,2,,,,2.0,1
4171,10622,2,2,,,,2.0,1
4172,10622,2,2,,,,2.0,1
4173,10622,2,2,,,,2.0,1
4174,10627,2,2,,,,2.0,1
4175,10627,2,2,,,,2.0,1
4176,10612,1,2,2.0,1,1.0,1.0,0
4177,10592,1,1,3.0,2,2.0,2.0,1
4178,10592,1,1,3.0,2,2.0,2.0,1
4179,10592,1,1,3.0,2,2.0,2.0,1
4180,10597,1,2,1.0,1,2.0,1.0,1
4181,10627,2,2,,,,2.0,1
4182,10622,2,2,,,,2.0,1
4183,10607,1,2,,,,1.0,1
4184,10597,1,2,1.0,1,2.0,1.0,1
4185,10617,1,2,,,,1.0,1
4186,10617,1,2,,,,1.0,1
4187,10617,1,2,,,,1.0,1
4188,10597,1,2,1.0,1,2.0,1.0,1
4189,10592,1,1,3.0,4,1.0,1.0,1
4190,10602,1,2,3.0,4,1.0,1.0,0
4191,10612,1,2,3.0,3,1.0,1.0,0
4192,10597,1,2,1.0,1,2.0,1.0,1
4193,10597,2,2,2.0,4,2.0,1.0,0
4194,10597,1,1,1.0,2,1.0,1.0,1
4195,10597,1,1,1.0,4,1.0,2.0,1
4196,10602,1,2,1.0,1,2.0,1.0,1
4197,10592,1,1,3.0,2,2.0,2.0,1
4198,10592,1,1,3.0,3,1.0,2.0,1
4199,10612,1,2,2.0,1,1.0,1.0,0
4200,10612,2,1,1.0,1,2.0,1.0,1
4201,10592,1,2,4.0,"System complexity (hard for front-office secretaries & admins to understand & maneuver), Lack of robustness (inability to handle & process big data instantaneously), Outdated Information Management systems.",1.0,1.0, Yes
4202,10607,1,2,,,,1.0,1
4203,10617,1,2,,,,1.0,1
4204,10622,2,2,,,,2.0,1
4205,10627,2,2,,,,2.0,1
4206,10592,1,1,3.0,2,2.0,2.0,1
4207,10592,1,1,3.0,3,1.0,2.0,1
4208,10592,1,1,3.0,2,2.0,2.0,1
4209,10592,1,1,3.0,3,1.0,2.0,1
4210,10592,1,1,3.0,2,2.0,2.0,1
4211,10592,1,1,3.0,3,1.0,2.0,1
4212,10612,1,2,2.0,1,1.0,1.0,0
4213,10592,1,1,3.0,4,1.0,1.0,1
4214,10597,1,2,1.0,1,2.0,1.0,1
4215,10592,1,1,3.0,2,2.0,2.0,1
4216,10592,1,1,3.0,3,1.0,2.0,1
4217,10617,1,2,,,,1.0,1
4218,10602,1,2,1.0,1,2.0,1.0,1
4219,10602,1,2,1.0,1,2.0,1.0,1
4220,10622,2,2,,,,2.0,1
4221,10617,1,2,,,,1.0,1
4222,10622,2,2,,,,2.0,1
4223,10602,1,2,1.0,1,2.0,1.0,1
4224,10617,1,2,,,,1.0,1
4225,10592,1,1,3.0,2,2.0,2.0,1
4226,10607,1,2,,,,1.0,1
4227,10592,1,1,3.0,3,1.0,2.0,1
4228,10627,2,2,,,,2.0,1
4229,10617,1,2,,,,1.0,1
4230,10592,1,1,3.0,3,1.0,2.0,1
4231,10592,1,1,3.0,3,1.0,2.0,1
4232,10612,1,2,2.0,1,1.0,1.0,0
4233,10597,1,2,1.0,1,2.0,1.0,1
4234,10592,1,1,3.0,3,1.0,2.0,1
4235,10622,2,2,,,,2.0,1
4236,10622,2,2,,,,2.0,1
4237,10607,1,2,,,,1.0,1
4238,10592,1,1,3.0,3,1.0,2.0,1
4239,10622,2,2,,,,2.0,1
4240,10597,1,2,1.0,1,2.0,1.0,1
4241,10617,1,2,,,,1.0,1
4242,10602,1,2,1.0,1,2.0,1.0,1
4243,10617,1,2,,,,1.0,1
4244,10622,2,2,,,,2.0,1
4245,10592,1,1,3.0,2,2.0,2.0,1
4246,10607,1,2,,,,1.0,1
4247,10627,2,2,,,,2.0,1
4248,10627,2,2,,,,2.0,1
4249,10592,1,1,3.0,4,1.0,1.0,1
4250,10627,2,2,,,,2.0,1
4251,10612,1,2,2.0,1,1.0,1.0,0
4252,10592,1,1,3.0,4,1.0,1.0,1
4253,10592,1,1,3.0,4,1.0,1.0,1
4254,10617,1,2,,,,1.0,1
4255,10602,1,2,1.0,1,2.0,1.0,1
4256,10627,2,2,,,,2.0,1
4257,10592,1,1,3.0,2,2.0,2.0,1
4258,10607,1,2,,,,1.0,1
4259,10592,1,1,3.0,2,2.0,2.0,1
4260,10607,1,2,,,,1.0,1
4261,10607,1,2,,,,1.0,1
4262,10612,1,2,2.0,1,1.0,1.0,0
4263,10592,1,1,3.0,2,2.0,2.0,1
4264,10627,2,2,,,,2.0,1
4265,10612,1,2,2.0,1,1.0,1.0,0
4266,10612,1,2,2.0,1,1.0,1.0,0
4267,10602,1,2,1.0,1,2.0,1.0,1
4268,10617,1,2,,,,1.0,1
4269,10602,1,2,1.0,1,2.0,1.0,1
4270,10612,1,2,2.0,1,1.0,1.0,0
4271,10627,2,2,,,,2.0,1
4272,10612,1,2,2.0,1,1.0,1.0,0
4273,10617,1,2,,,,1.0,1
4274,10602,1,2,1.0,1,2.0,1.0,1
4275,10602,1,2,1.0,1,2.0,1.0,1
4276,10612,1,2,2.0,1,1.0,1.0,0
4277,10597,1,2,1.0,1,2.0,1.0,1
4278,10597,1,2,1.0,1,2.0,1.0,1
4279,10607,1,2,,,,1.0,1
4280,10597,1,2,1.0,1,2.0,1.0,1
4281,10607,1,2,,,,1.0,1
4282,10597,1,2,1.0,1,2.0,1.0,1
4283,10607,1,2,,,,1.0,1
4284,10602,1,2,1.0,1,2.0,1.0,1
4285,10607,1,2,,,,1.0,1
4286,10627,2,2,,,,2.0,1
4287,10612,1,2,2.0,1,1.0,1.0,0
4288,10607,1,2,,,,1.0,1
4289,10622,2,2,,,,2.0,1
4290,10592,1,1,3.0,2,2.0,2.0,1
4291,10617,1,2,,,,1.0,1
4292,10612,1,2,2.0,1,1.0,1.0,0
4293,10617,1,2,,,,1.0,1
4294,10617,1,2,,,,1.0,1
4295,10627,2,2,,,,2.0,1
4296,10597,1,2,1.0,1,2.0,1.0,1
4297,10612,1,2,2.0,1,1.0,1.0,0
4298,10602,1,2,1.0,1,2.0,1.0,1
4299,10607,1,2,,,,1.0,1
4300,10617,1,2,,,,1.0,1
4301,10617,1,2,,,,1.0,1
4302,10622,2,2,,,,2.0,1
4303,10592,1,1,3.0,2,2.0,2.0,1
4304,10612,1,2,2.0,1,1.0,1.0,0
4305,10612,1,2,2.0,1,1.0,1.0,0
4306,10602,1,2,1.0,1,2.0,1.0,1
4307,10617,1,2,,,,1.0,1
4308,10627,2,2,,,,2.0,1
4309,10597,1,2,1.0,1,2.0,1.0,1
4310,10597,1,2,1.0,1,2.0,1.0,1
4311,10597,1,2,1.0,1,2.0,1.0,1
4312,10597,1,2,1.0,1,2.0,1.0,1
4313,10597,1,2,1.0,1,2.0,1.0,1
4314,10617,1,2,,,,1.0,1
4315,10612,1,2,2.0,1,1.0,1.0,0
4316,10597,1,2,1.0,1,2.0,1.0,1
4317,10592,1,1,3.0,2,2.0,2.0,1
4318,10607,1,2,,,,1.0,1
4319,10627,2,2,,,,2.0,1
4320,10627,2,2,,,,2.0,1
4321,10627,2,2,,,,2.0,1
4322,10592,1,1,3.0,2,2.0,2.0,1
4323,10597,1,2,1.0,1,2.0,1.0,1
4324,10597,1,2,1.0,1,2.0,1.0,1
4325,10592,1,1,3.0,2,2.0,2.0,1
4326,10612,1,2,2.0,1,1.0,1.0,0
4327,10612,1,2,2.0,1,1.0,1.0,0
4328,10597,1,2,1.0,1,2.0,1.0,1
4329,10607,1,2,,,,1.0,1
4330,10607,1,2,,,,1.0,1
4331,10597,1,2,1.0,1,2.0,1.0,1
4332,10627,2,2,,,,2.0,1
4333,10597,1,2,1.0,1,2.0,1.0,1
4334,10597,1,2,1.0,1,2.0,1.0,1
4335,10612,1,2,2.0,1,1.0,1.0,0
4336,10622,2,2,,,,2.0,1
4337,10622,2,2,,,,2.0,1
4338,10622,2,2,,,,2.0,1
4339,10622,2,2,,,,2.0,1
4340,10622,2,2,,,,2.0,1
4341,10622,2,2,,,,2.0,1
4342,10622,2,2,,,,2.0,1
4343,10622,2,2,,,,2.0,1
4344,10622,2,2,,,,2.0,1
4345,10627,2,2,,,,2.0,1
4346,10627,2,2,,,,2.0,1
4347,10612,1,2,2.0,1,1.0,1.0,0
4348,10592,1,1,3.0,2,2.0,2.0,1
4349,10592,1,1,3.0,2,2.0,2.0,1
4350,10592,1,1,3.0,2,2.0,2.0,1
4351,10597,1,2,1.0,1,2.0,1.0,1
4352,10627,2,2,,,,2.0,1
4353,10622,2,2,,,,2.0,1
4354,10607,1,2,,,,1.0,1
4355,10597,1,2,1.0,1,2.0,1.0,1
4356,10617,1,2,,,,1.0,1
4357,10617,1,2,,,,1.0,1
4358,10617,1,2,,,,1.0,1
4359,10597,1,2,1.0,1,2.0,1.0,1
4360,10592,1,1,3.0,4,1.0,1.0,1
4361,10602,1,2,3.0,4,1.0,1.0,0
4362,10612,1,2,3.0,3,1.0,1.0,0
4363,10597,1,2,1.0,1,2.0,1.0,1
4364,10597,2,2,2.0,4,2.0,1.0,0
4365,10597,1,1,1.0,2,1.0,1.0,1
4366,10597,1,1,1.0,4,1.0,2.0,1
4367,10602,1,2,1.0,1,2.0,1.0,1
4368,10592,1,1,3.0,2,2.0,2.0,1
4369,10592,1,1,3.0,3,1.0,2.0,1
4370,10612,1,2,2.0,1,1.0,1.0,0
4371,10612,2,1,1.0,1,2.0,1.0,1
4372,10592,1,2,4.0,"System complexity (hard for front-office secretaries & admins to understand & maneuver), Lack of robustness (inability to handle & process big data instantaneously), Outdated Information Management systems.",1.0,1.0, Yes
4373,10607,1,2,,,,1.0,1
4374,10617,1,2,,,,1.0,1
4375,10622,2,2,,,,2.0,1
4376,10627,2,2,,,,2.0,1
4377,10592,1,1,3.0,2,2.0,2.0,1
4378,10592,1,1,3.0,3,1.0,2.0,1
4379,10592,1,1,3.0,2,2.0,2.0,1
4380,10592,1,1,3.0,3,1.0,2.0,1
4381,10592,1,1,3.0,2,2.0,2.0,1
4382,10592,1,1,3.0,3,1.0,2.0,1
4383,10612,1,2,2.0,1,1.0,1.0,0
4384,10592,1,1,3.0,4,1.0,1.0,1
4385,10597,1,2,1.0,1,2.0,1.0,1
4386,10592,1,1,3.0,2,2.0,2.0,1
4387,10592,1,1,3.0,3,1.0,2.0,1
4388,10617,1,2,,,,1.0,1
4389,10602,1,2,1.0,1,2.0,1.0,1
4390,10602,1,2,1.0,1,2.0,1.0,1
4391,10622,2,2,,,,2.0,1
4392,10617,1,2,,,,1.0,1
4393,10622,2,2,,,,2.0,1
4394,10602,1,2,1.0,1,2.0,1.0,1
4395,10617,1,2,,,,1.0,1
4396,10592,1,1,3.0,2,2.0,2.0,1
4397,10607,1,2,,,,1.0,1
4398,10592,1,1,3.0,3,1.0,2.0,1
4399,10627,2,2,,,,2.0,1
4400,10617,1,2,,,,1.0,1
4401,10592,1,1,3.0,3,1.0,2.0,1
4402,10592,1,1,3.0,3,1.0,2.0,1
4403,10612,1,2,2.0,1,1.0,1.0,0
4404,10597,1,2,1.0,1,2.0,1.0,1
4405,10592,1,1,3.0,3,1.0,2.0,1
4406,10622,2,2,,,,2.0,1
4407,10622,2,2,,,,2.0,1
4408,10607,1,2,,,,1.0,1
4409,10592,1,1,3.0,3,1.0,2.0,1
4410,10622,2,2,,,,2.0,1
4411,10597,1,2,1.0,1,2.0,1.0,1
4412,10617,1,2,,,,1.0,1
4413,10602,1,2,1.0,1,2.0,1.0,1
4414,10617,1,2,,,,1.0,1
4415,10622,2,2,,,,2.0,1
4416,10592,1,1,3.0,2,2.0,2.0,1
4417,10607,1,2,,,,1.0,1
4418,10627,2,2,,,,2.0,1
4419,10627,2,2,,,,2.0,1
4420,10592,1,1,3.0,4,1.0,1.0,1
4421,10627,2,2,,,,2.0,1
4422,10612,1,2,2.0,1,1.0,1.0,0
4423,10592,1,1,3.0,4,1.0,1.0,1
4424,10592,1,1,3.0,4,1.0,1.0,1
4425,10617,1,2,,,,1.0,1
4426,10602,1,2,1.0,1,2.0,1.0,1
4427,10627,2,2,,,,2.0,1
4428,10592,1,1,3.0,2,2.0,2.0,1
4429,10607,1,2,,,,1.0,1
4430,10592,1,1,3.0,2,2.0,2.0,1
4431,10607,1,2,,,,1.0,1
4432,10607,1,2,,,,1.0,1
4433,10612,1,2,2.0,1,1.0,1.0,0
4434,10592,1,1,3.0,2,2.0,2.0,1
4435,10627,2,2,,,,2.0,1
4436,10612,1,2,2.0,1,1.0,1.0,0
4437,10612,1,2,2.0,1,1.0,1.0,0
4438,10602,1,2,1.0,1,2.0,1.0,1
4439,10617,1,2,,,,1.0,1
4440,10602,1,2,1.0,1,2.0,1.0,1
4441,10612,1,2,2.0,1,1.0,1.0,0
4442,10627,2,2,,,,2.0,1
4443,10612,1,2,2.0,1,1.0,1.0,0
4444,10617,1,2,,,,1.0,1
4445,10602,1,2,1.0,1,2.0,1.0,1
4446,10602,1,2,1.0,1,2.0,1.0,1
4447,10612,1,2,2.0,1,1.0,1.0,0
4448,10597,1,2,1.0,1,2.0,1.0,1
4449,10597,1,2,1.0,1,2.0,1.0,1
4450,10607,1,2,,,,1.0,1
4451,10597,1,2,1.0,1,2.0,1.0,1
4452,10607,1,2,,,,1.0,1
4453,10597,1,2,1.0,1,2.0,1.0,1
4454,10607,1,2,,,,1.0,1
4455,10602,1,2,1.0,1,2.0,1.0,1
4456,10607,1,2,,,,1.0,1
4457,10627,2,2,,,,2.0,1
4458,10612,1,2,2.0,1,1.0,1.0,0
4459,10607,1,2,,,,1.0,1
4460,10622,2,2,,,,2.0,1
4461,10592,1,1,3.0,2,2.0,2.0,1
4462,10617,1,2,,,,1.0,1
4463,10612,1,2,2.0,1,1.0,1.0,0
4464,10617,1,2,,,,1.0,1
4465,10617,1,2,,,,1.0,1
4466,10627,2,2,,,,2.0,1
4467,10597,1,2,1.0,1,2.0,1.0,1
4468,10612,1,2,2.0,1,1.0,1.0,0
4469,10602,1,2,1.0,1,2.0,1.0,1
4470,10607,1,2,,,,1.0,1
4471,10617,1,2,,,,1.0,1
4472,10617,1,2,,,,1.0,1
4473,10622,2,2,,,,2.0,1
4474,10592,1,1,3.0,2,2.0,2.0,1
4475,10612,1,2,2.0,1,1.0,1.0,0
4476,10612,1,2,2.0,1,1.0,1.0,0
4477,10602,1,2,1.0,1,2.0,1.0,1
4478,10617,1,2,,,,1.0,1
4479,10627,2,2,,,,2.0,1
4480,10597,1,2,1.0,1,2.0,1.0,1
4481,10597,1,2,1.0,1,2.0,1.0,1
4482,10597,1,2,1.0,1,2.0,1.0,1
4483,10597,1,2,1.0,1,2.0,1.0,1
4484,10597,1,2,1.0,1,2.0,1.0,1
4485,10617,1,2,,,,1.0,1
4486,10612,1,2,2.0,1,1.0,1.0,0
4487,10597,1,2,1.0,1,2.0,1.0,1
4488,10592,1,1,3.0,2,2.0,2.0,1
4489,10607,1,2,,,,1.0,1
4490,10627,2,2,,,,2.0,1
4491,10627,2,2,,,,2.0,1
4492,10627,2,2,,,,2.0,1
4493,10592,1,1,3.0,2,2.0,2.0,1
4494,10597,1,2,1.0,1,2.0,1.0,1
4495,10597,1,2,1.0,1,2.0,1.0,1
4496,10592,1,1,3.0,2,2.0,2.0,1
4497,10612,1,2,2.0,1,1.0,1.0,0
4498,10612,1,2,2.0,1,1.0,1.0,0
4499,10597,1,2,1.0,1,2.0,1.0,1
4500,10607,1,2,,,,1.0,1
4501,10607,1,2,,,,1.0,1
4502,10597,1,2,1.0,1,2.0,1.0,1
4503,10627,2,2,,,,2.0,1
4504,10597,1,2,1.0,1,2.0,1.0,1
4505,10597,1,2,1.0,1,2.0,1.0,1
4506,10612,1,2,2.0,1,1.0,1.0,0
4507,10622,2,2,,,,2.0,1
4508,10622,2,2,,,,2.0,1
4509,10622,2,2,,,,2.0,1
4510,10622,2,2,,,,2.0,1
4511,10622,2,2,,,,2.0,1
4512,10622,2,2,,,,2.0,1
4513,10622,2,2,,,,2.0,1
4514,10622,2,2,,,,2.0,1
4515,10622,2,2,,,,2.0,1
4516,10627,2,2,,,,2.0,1
4517,10627,2,2,,,,2.0,1
4518,10612,1,2,2.0,1,1.0,1.0,0
4519,10592,1,1,3.0,2,2.0,2.0,1
4520,10592,1,1,3.0,2,2.0,2.0,1
4521,10592,1,1,3.0,2,2.0,2.0,1
4522,10597,1,2,1.0,1,2.0,1.0,1
4523,10627,2,2,,,,2.0,1
4524,10622,2,2,,,,2.0,1
4525,10607,1,2,,,,1.0,1
4526,10597,1,2,1.0,1,2.0,1.0,1
4527,10617,1,2,,,,1.0,1
4528,10617,1,2,,,,1.0,1
4529,10617,1,2,,,,1.0,1
4530,10597,1,2,1.0,1,2.0,1.0,1
4531,10592,1,1,3.0,4,1.0,1.0,1
4532,10592,1,1,3.0,4,1.0,1.0,1
4533,10592,1,1,3.0,4,1.0,1.0,1
4534,10592,1,1,3.0,4,1.0,1.0,1
4535,10592,1,1,3.0,4,1.0,1.0,1
4536,10592,1,1,3.0,4,1.0,1.0,1
4537,10602,1,2,3.0,4,1.0,1.0,0
4538,10612,1,2,3.0,3,1.0,1.0,0
4539,10597,1,2,1.0,1,2.0,1.0,1
4540,10597,2,2,2.0,4,2.0,1.0,0
4541,10597,1,1,1.0,2,1.0,1.0,1
4542,10597,1,1,1.0,4,1.0,2.0,1
4543,10602,1,2,1.0,1,2.0,1.0,1
4544,10592,1,1,3.0,2,2.0,2.0,1
4545,10592,1,1,3.0,3,1.0,2.0,1
4546,10612,1,2,2.0,1,1.0,1.0,0
4547,10612,2,1,1.0,1,2.0,1.0,1
4548,10592,1,2,4.0,"System complexity (hard for front-office secretaries & admins to understand & maneuver), Lack of robustness (inability to handle & process big data instantaneously), Outdated Information Management systems.",1.0,1.0, Yes
4549,10607,1,2,,,,1.0,1
4550,10617,1,2,,,,1.0,1
4551,10622,2,2,,,,2.0,1
4552,10627,2,2,,,,2.0,1
4553,10592,1,1,3.0,2,2.0,2.0,1
4554,10592,1,1,3.0,3,1.0,2.0,1
4555,10592,1,1,3.0,2,2.0,2.0,1
4556,10592,1,1,3.0,3,1.0,2.0,1
4557,10592,1,1,3.0,2,2.0,2.0,1
4558,10592,1,1,3.0,3,1.0,2.0,1
4559,10612,1,2,2.0,1,1.0,1.0,0
4560,10592,1,1,3.0,4,1.0,1.0,1
4561,10597,1,2,1.0,1,2.0,1.0,1
4562,10592,1,1,3.0,2,2.0,2.0,1
4563,10592,1,1,3.0,3,1.0,2.0,1
4564,10617,1,2,,,,1.0,1
4565,10602,1,2,1.0,1,2.0,1.0,1
4566,10602,1,2,1.0,1,2.0,1.0,1
4567,10622,2,2,,,,2.0,1
4568,10617,1,2,,,,1.0,1
4569,10622,2,2,,,,2.0,1
4570,10602,1,2,1.0,1,2.0,1.0,1
4571,10617,1,2,,,,1.0,1
4572,10592,1,1,3.0,2,2.0,2.0,1
4573,10607,1,2,,,,1.0,1
4574,10592,1,1,3.0,3,1.0,2.0,1
4575,10627,2,2,,,,2.0,1
4576,10617,1,2,,,,1.0,1
4577,10592,1,1,3.0,3,1.0,2.0,1
4578,10592,1,1,3.0,3,1.0,2.0,1
4579,10612,1,2,2.0,1,1.0,1.0,0
4580,10597,1,2,1.0,1,2.0,1.0,1
4581,10592,1,1,3.0,3,1.0,2.0,1
4582,10622,2,2,,,,2.0,1
4583,10622,2,2,,,,2.0,1
4584,10607,1,2,,,,1.0,1
4585,10592,1,1,3.0,3,1.0,2.0,1
4586,10622,2,2,,,,2.0,1
4587,10597,1,2,1.0,1,2.0,1.0,1
4588,10617,1,2,,,,1.0,1
4589,10602,1,2,1.0,1,2.0,1.0,1
4590,10617,1,2,,,,1.0,1
4591,10622,2,2,,,,2.0,1
4592,10592,1,1,3.0,2,2.0,2.0,1
4593,10607,1,2,,,,1.0,1
4594,10627,2,2,,,,2.0,1
4595,10627,2,2,,,,2.0,1
4596,10592,1,1,3.0,4,1.0,1.0,1
4597,10627,2,2,,,,2.0,1
4598,10612,1,2,2.0,1,1.0,1.0,0
4599,10592,1,1,3.0,4,1.0,1.0,1
4600,10592,1,1,3.0,4,1.0,1.0,1
4601,10617,1,2,,,,1.0,1
4602,10602,1,2,1.0,1,2.0,1.0,1
4603,10627,2,2,,,,2.0,1
4604,10592,1,1,3.0,2,2.0,2.0,1
4605,10607,1,2,,,,1.0,1
4606,10592,1,1,3.0,2,2.0,2.0,1
4607,10607,1,2,,,,1.0,1
4608,10607,1,2,,,,1.0,1
4609,10612,1,2,2.0,1,1.0,1.0,0
4610,10592,1,1,3.0,2,2.0,2.0,1
4611,10627,2,2,,,,2.0,1
4612,10612,1,2,2.0,1,1.0,1.0,0
4613,10612,1,2,2.0,1,1.0,1.0,0
4614,10602,1,2,1.0,1,2.0,1.0,1
4615,10617,1,2,,,,1.0,1
4616,10602,1,2,1.0,1,2.0,1.0,1
4617,10612,1,2,2.0,1,1.0,1.0,0
4618,10627,2,2,,,,2.0,1
4619,10612,1,2,2.0,1,1.0,1.0,0
4620,10617,1,2,,,,1.0,1
4621,10602,1,2,1.0,1,2.0,1.0,1
4622,10602,1,2,1.0,1,2.0,1.0,1
4623,10612,1,2,2.0,1,1.0,1.0,0
4624,10597,1,2,1.0,1,2.0,1.0,1
4625,10597,1,2,1.0,1,2.0,1.0,1
4626,10607,1,2,,,,1.0,1
4627,10597,1,2,1.0,1,2.0,1.0,1
4628,10607,1,2,,,,1.0,1
4629,10597,1,2,1.0,1,2.0,1.0,1
4630,10607,1,2,,,,1.0,1
4631,10602,1,2,1.0,1,2.0,1.0,1
4632,10607,1,2,,,,1.0,1
4633,10627,2,2,,,,2.0,1
4634,10612,1,2,2.0,1,1.0,1.0,0
4635,10607,1,2,,,,1.0,1
4636,10622,2,2,,,,2.0,1
4637,10592,1,1,3.0,2,2.0,2.0,1
4638,10617,1,2,,,,1.0,1
4639,10612,1,2,2.0,1,1.0,1.0,0
4640,10617,1,2,,,,1.0,1
4641,10617,1,2,,,,1.0,1
4642,10627,2,2,,,,2.0,1
4643,10597,1,2,1.0,1,2.0,1.0,1
4644,10612,1,2,2.0,1,1.0,1.0,0
4645,10602,1,2,1.0,1,2.0,1.0,1
4646,10607,1,2,,,,1.0,1
4647,10617,1,2,,,,1.0,1
4648,10617,1,2,,,,1.0,1
4649,10622,2,2,,,,2.0,1
4650,10592,1,1,3.0,2,2.0,2.0,1
4651,10612,1,2,2.0,1,1.0,1.0,0
4652,10612,1,2,2.0,1,1.0,1.0,0
4653,10602,1,2,1.0,1,2.0,1.0,1
4654,10617,1,2,,,,1.0,1
4655,10627,2,2,,,,2.0,1
4656,10597,1,2,1.0,1,2.0,1.0,1
4657,10597,1,2,1.0,1,2.0,1.0,1
4658,10597,1,2,1.0,1,2.0,1.0,1
4659,10597,1,2,1.0,1,2.0,1.0,1
4660,10597,1,2,1.0,1,2.0,1.0,1
4661,10617,1,2,,,,1.0,1
4662,10612,1,2,2.0,1,1.0,1.0,0
4663,10597,1,2,1.0,1,2.0,1.0,1
4664,10592,1,1,3.0,2,2.0,2.0,1
4665,10607,1,2,,,,1.0,1
4666,10627,2,2,,,,2.0,1
4667,10627,2,2,,,,2.0,1
4668,10627,2,2,,,,2.0,1
4669,10592,1,1,3.0,2,2.0,2.0,1
4670,10597,1,2,1.0,1,2.0,1.0,1
4671,10597,1,2,1.0,1,2.0,1.0,1
4672,10592,1,1,3.0,2,2.0,2.0,1
4673,10612,1,2,2.0,1,1.0,1.0,0
4674,10612,1,2,2.0,1,1.0,1.0,0
4675,10597,1,2,1.0,1,2.0,1.0,1
4676,10607,1,2,,,,1.0,1
4677,10607,1,2,,,,1.0,1
4678,10597,1,2,1.0,1,2.0,1.0,1
4679,10627,2,2,,,,2.0,1
4680,10597,1,2,1.0,1,2.0,1.0,1
4681,10597,1,2,1.0,1,2.0,1.0,1
4682,10612,1,2,2.0,1,1.0,1.0,0
4683,10622,2,2,,,,2.0,1
4684,10622,2,2,,,,2.0,1
4685,10622,2,2,,,,2.0,1
4686,10622,2,2,,,,2.0,1
4687,10622,2,2,,,,2.0,1
4688,10622,2,2,,,,2.0,1
4689,10622,2,2,,,,2.0,1
4690,10622,2,2,,,,2.0,1
4691,10622,2,2,,,,2.0,1
4692,10627,2,2,,,,2.0,1
4693,10627,2,2,,,,2.0,1
4694,10612,1,2,2.0,1,1.0,1.0,0
4695,10592,1,1,3.0,2,2.0,2.0,1
4696,10592,1,1,3.0,2,2.0,2.0,1
4697,10592,1,1,3.0,2,2.0,2.0,1
4698,10597,1,2,1.0,1,2.0,1.0,1
4699,10627,2,2,,,,2.0,1
4700,10622,2,2,,,,2.0,1
4701,10607,1,2,,,,1.0,1
4702,10597,1,2,1.0,1,2.0,1.0,1
4703,10617,1,2,,,,1.0,1
4704,10617,1,2,,,,1.0,1
4705,10617,1,2,,,,1.0,1
4706,10597,1,2,1.0,1,2.0,1.0,1
4707,10592,1,1,3.0,4,1.0,1.0,1
4708,10602,1,2,3.0,4,1.0,1.0,0
4709,10612,1,2,3.0,3,1.0,1.0,0
4710,10597,1,2,1.0,1,2.0,1.0,1
4711,10597,2,2,2.0,4,2.0,1.0,0
4712,10597,1,1,1.0,2,1.0,1.0,1
4713,10597,1,1,1.0,4,1.0,2.0,1
4714,10602,1,2,1.0,1,2.0,1.0,1
4715,10592,1,1,3.0,2,2.0,2.0,1
4716,10592,1,1,3.0,3,1.0,2.0,1
4717,10612,1,2,2.0,1,1.0,1.0,0
4718,10612,2,1,1.0,1,2.0,1.0,1
4719,10592,1,2,4.0,"System complexity (hard for front-office secretaries & admins to understand & maneuver), Lack of robustness (inability to handle & process big data instantaneously), Outdated Information Management systems.",1.0,1.0, Yes
4720,10607,1,2,,,,1.0,1
4721,10617,1,2,,,,1.0,1
4722,10622,2,2,,,,2.0,1
4723,10627,2,2,,,,2.0,1
4724,10592,1,1,3.0,2,2.0,2.0,1
4725,10592,1,1,3.0,3,1.0,2.0,1
4726,10592,1,1,3.0,2,2.0,2.0,1
4727,10592,1,1,3.0,3,1.0,2.0,1
4728,10592,1,1,3.0,2,2.0,2.0,1
4729,10592,1,1,3.0,3,1.0,2.0,1
4730,10612,1,2,2.0,1,1.0,1.0,0
4731,10592,1,1,3.0,4,1.0,1.0,1
4732,10597,1,2,1.0,1,2.0,1.0,1
4733,10592,1,1,3.0,2,2.0,2.0,1
4734,10592,1,1,3.0,3,1.0,2.0,1
4735,10617,1,2,,,,1.0,1
4736,10602,1,2,1.0,1,2.0,1.0,1
4737,10602,1,2,1.0,1,2.0,1.0,1
4738,10622,2,2,,,,2.0,1
4739,10617,1,2,,,,1.0,1
4740,10622,2,2,,,,2.0,1
4741,10602,1,2,1.0,1,2.0,1.0,1
4742,10617,1,2,,,,1.0,1
4743,10592,1,1,3.0,2,2.0,2.0,1
4744,10607,1,2,,,,1.0,1
4745,10592,1,1,3.0,3,1.0,2.0,1
4746,10627,2,2,,,,2.0,1
4747,10617,1,2,,,,1.0,1
4748,10592,1,1,3.0,3,1.0,2.0,1
4749,10592,1,1,3.0,3,1.0,2.0,1
4750,10612,1,2,2.0,1,1.0,1.0,0
4751,10597,1,2,1.0,1,2.0,1.0,1
4752,10592,1,1,3.0,3,1.0,2.0,1
4753,10622,2,2,,,,2.0,1
4754,10622,2,2,,,,2.0,1
4755,10607,1,2,,,,1.0,1
4756,10592,1,1,3.0,3,1.0,2.0,1
4757,10622,2,2,,,,2.0,1
4758,10597,1,2,1.0,1,2.0,1.0,1
4759,10617,1,2,,,,1.0,1
4760,10602,1,2,1.0,1,2.0,1.0,1
4761,10617,1,2,,,,1.0,1
4762,10622,2,2,,,,2.0,1
4763,10592,1,1,3.0,2,2.0,2.0,1
4764,10607,1,2,,,,1.0,1
4765,10627,2,2,,,,2.0,1
4766,10627,2,2,,,,2.0,1
4767,10592,1,1,3.0,4,1.0,1.0,1
4768,10627,2,2,,,,2.0,1
4769,10612,1,2,2.0,1,1.0,1.0,0
4770,10592,1,1,3.0,4,1.0,1.0,1
4771,10592,1,1,3.0,4,1.0,1.0,1
4772,10617,1,2,,,,1.0,1
4773,10602,1,2,1.0,1,2.0,1.0,1
4774,10627,2,2,,,,2.0,1
4775,10592,1,1,3.0,2,2.0,2.0,1
4776,10607,1,2,,,,1.0,1
4777,10592,1,1,3.0,2,2.0,2.0,1
4778,10607,1,2,,,,1.0,1
4779,10607,1,2,,,,1.0,1
4780,10612,1,2,2.0,1,1.0,1.0,0
4781,10592,1,1,3.0,2,2.0,2.0,1
4782,10627,2,2,,,,2.0,1
4783,10612,1,2,2.0,1,1.0,1.0,0
4784,10612,1,2,2.0,1,1.0,1.0,0
4785,10602,1,2,1.0,1,2.0,1.0,1
4786,10617,1,2,,,,1.0,1
4787,10602,1,2,1.0,1,2.0,1.0,1
4788,10612,1,2,2.0,1,1.0,1.0,0
4789,10627,2,2,,,,2.0,1
4790,10612,1,2,2.0,1,1.0,1.0,0
4791,10617,1,2,,,,1.0,1
4792,10602,1,2,1.0,1,2.0,1.0,1
4793,10602,1,2,1.0,1,2.0,1.0,1
4794,10612,1,2,2.0,1,1.0,1.0,0
4795,10597,1,2,1.0,1,2.0,1.0,1
4796,10597,1,2,1.0,1,2.0,1.0,1
4797,10607,1,2,,,,1.0,1
4798,10597,1,2,1.0,1,2.0,1.0,1
4799,10607,1,2,,,,1.0,1
4800,10597,1,2,1.0,1,2.0,1.0,1
4801,10607,1,2,,,,1.0,1
4802,10602,1,2,1.0,1,2.0,1.0,1
4803,10607,1,2,,,,1.0,1
4804,10627,2,2,,,,2.0,1
4805,10612,1,2,2.0,1,1.0,1.0,0
4806,10607,1,2,,,,1.0,1
4807,10622,2,2,,,,2.0,1
4808,10592,1,1,3.0,2,2.0,2.0,1
4809,10617,1,2,,,,1.0,1
4810,10612,1,2,2.0,1,1.0,1.0,0
4811,10617,1,2,,,,1.0,1
4812,10617,1,2,,,,1.0,1
4813,10627,2,2,,,,2.0,1
4814,10597,1,2,1.0,1,2.0,1.0,1
4815,10612,1,2,2.0,1,1.0,1.0,0
4816,10602,1,2,1.0,1,2.0,1.0,1
4817,10607,1,2,,,,1.0,1
4818,10617,1,2,,,,1.0,1
4819,10617,1,2,,,,1.0,1
4820,10622,2,2,,,,2.0,1
4821,10592,1,1,3.0,2,2.0,2.0,1
4822,10612,1,2,2.0,1,1.0,1.0,0
4823,10612,1,2,2.0,1,1.0,1.0,0
4824,10602,1,2,1.0,1,2.0,1.0,1
4825,10617,1,2,,,,1.0,1
4826,10627,2,2,,,,2.0,1
4827,10597,1,2,1.0,1,2.0,1.0,1
4828,10597,1,2,1.0,1,2.0,1.0,1
4829,10597,1,2,1.0,1,2.0,1.0,1
4830,10597,1,2,1.0,1,2.0,1.0,1
4831,10597,1,2,1.0,1,2.0,1.0,1
4832,10617,1,2,,,,1.0,1
4833,10612,1,2,2.0,1,1.0,1.0,0
4834,10597,1,2,1.0,1,2.0,1.0,1
4835,10592,1,1,3.0,2,2.0,2.0,1
4836,10607,1,2,,,,1.0,1
4837,10627,2,2,,,,2.0,1
4838,10627,2,2,,,,2.0,1
4839,10627,2,2,,,,2.0,1
4840,10592,1,1,3.0,2,2.0,2.0,1
4841,10597,1,2,1.0,1,2.0,1.0,1
4842,10597,1,2,1.0,1,2.0,1.0,1
4843,10592,1,1,3.0,2,2.0,2.0,1
4844,10612,1,2,2.0,1,1.0,1.0,0
4845,10612,1,2,2.0,1,1.0,1.0,0
4846,10597,1,2,1.0,1,2.0,1.0,1
4847,10607,1,2,,,,1.0,1
4848,10607,1,2,,,,1.0,1
4849,10597,1,2,1.0,1,2.0,1.0,1
4850,10627,2,2,,,,2.0,1
4851,10597,1,2,1.0,1,2.0,1.0,1
4852,10597,1,2,1.0,1,2.0,1.0,1
4853,10612,1,2,2.0,1,1.0,1.0,0
4854,10622,2,2,,,,2.0,1
4855,10622,2,2,,,,2.0,1
4856,10622,2,2,,,,2.0,1
4857,10622,2,2,,,,2.0,1
4858,10622,2,2,,,,2.0,1
4859,10622,2,2,,,,2.0,1
4860,10622,2,2,,,,2.0,1
4861,10622,2,2,,,,2.0,1
4862,10622,2,2,,,,2.0,1
4863,10627,2,2,,,,2.0,1
4864,10627,2,2,,,,2.0,1
4865,10612,1,2,2.0,1,1.0,1.0,0
4866,10592,1,1,3.0,2,2.0,2.0,1
4867,10592,1,1,3.0,2,2.0,2.0,1
4868,10592,1,1,3.0,2,2.0,2.0,1
4869,10597,1,2,1.0,1,2.0,1.0,1
4870,10627,2,2,,,,2.0,1
4871,10622,2,2,,,,2.0,1
4872,10607,1,2,,,,1.0,1
4873,10597,1,2,1.0,1,2.0,1.0,1
4874,10592,1,1,3.0,4,1.0,1.0,Yes 
4875,10602,1,2,3.0,4,1.0,1.0,0
4876,10612,1,2,3.0,3,1.0,1.0,0
4877,10597,1,2,1.0,1,2.0,1.0,1
4878,10597,2,2,2.0,4,2.0,1.0,0
4879,10597,1,1,1.0,2,1.0,1.0,1
4880,10597,1,1,1.0,4,1.0,2.0,1
4881,10602,1,2,1.0,1,2.0,1.0,1
4882,10592,1,1,3.0,2,2.0,2.0,1
4883,10592,1,1,3.0,3,1.0,2.0,1
4884,10612,1,2,2.0,1,1.0,1.0,0
4885,10612,2,1,1.0,1,2.0,1.0,1
4886,10592,1,2,4.0,"System complexity (hard for front-office secretaries & admins to understand & maneuver), Lack of robustness (inability to handle & process big data instantaneously), Outdated Information Management systems.",1.0,1.0,1
4887,10607,1,2,,,,1.0,1
4888,10617,1,2,,,,1.0,1
4889,10622,2,2,,,,2.0,1
4890,10627,2,2,,,,2.0,1
4891,10592,1,1,3.0,2,2.0,2.0,1
4892,10592,1,1,3.0,3,1.0,2.0,1
4893,10592,1,1,3.0,2,2.0,2.0,1
4894,10592,1,1,3.0,3,1.0,2.0,1
4895,10592,1,1,3.0,2,2.0,2.0,1
4896,10592,1,1,3.0,3,1.0,2.0,1
4897,10612,1,2,2.0,1,1.0,1.0,0
4898,10592,1,1,3.0,4,1.0,1.0,1
4899,10597,1,2,1.0,1,2.0,1.0,1
4900,10592,1,1,3.0,2,2.0,2.0,1
4901,10592,1,1,3.0,3,1.0,2.0,1
4902,10617,1,2,,,,1.0,1
4903,10602,1,2,1.0,1,2.0,1.0,1
4904,10602,1,2,1.0,1,2.0,1.0,1
4905,10622,2,2,,,,2.0,1
4906,10617,1,2,,,,1.0,1
4907,10622,2,2,,,,2.0,1
4908,10602,1,2,1.0,1,2.0,1.0,1
4909,10617,1,2,,,,1.0,1
4910,10592,1,1,3.0,2,2.0,2.0,1
4911,10607,1,2,,,,1.0,1
4912,10592,1,1,3.0,3,1.0,2.0,1
4913,10627,2,2,,,,2.0,1
4914,10617,1,2,,,,1.0,1
4915,10592,1,1,3.0,3,1.0,2.0,1
4916,10592,1,1,3.0,3,1.0,2.0,1
4917,10612,1,2,2.0,1,1.0,1.0,0
4918,10597,1,2,1.0,1,2.0,1.0,1
4919,10592,1,1,3.0,3,1.0,2.0,1
4920,10622,2,2,,,,2.0,1
4921,10622,2,2,,,,2.0,1
4922,10607,1,2,,,,1.0,1
4923,10592,1,1,3.0,3,1.0,2.0,1
4924,10622,2,2,,,,2.0,1
4925,10597,1,2,1.0,1,2.0,1.0,1
4926,10617,1,2,,,,1.0,1
4927,10602,1,2,1.0,1,2.0,1.0,1
4928,10617,1,2,,,,1.0,1
4929,10622,2,2,,,,2.0,1
4930,10592,1,1,3.0,2,2.0,2.0,1
4931,10607,1,2,,,,1.0,1
4932,10627,2,2,,,,2.0,1
4933,10627,2,2,,,,2.0,1
4934,10592,1,1,3.0,4,1.0,1.0,1
4935,10627,2,2,,,,2.0,1
4936,10612,1,2,2.0,1,1.0,1.0,0
4937,10592,1,1,3.0,4,1.0,1.0,1
4938,10592,1,1,3.0,4,1.0,1.0,1
4939,10617,1,2,,,,1.0,1
4940,10602,1,2,1.0,1,2.0,1.0,1
4941,10627,2,2,,,,2.0,1
4942,10592,1,1,3.0,2,2.0,2.0,1
4943,10607,1,2,,,,1.0,1
4944,10592,1,1,3.0,2,2.0,2.0,1
4945,10607,1,2,,,,1.0,1
4946,10607,1,2,,,,1.0,1
4947,10612,1,2,2.0,1,1.0,1.0,0
4948,10592,1,1,3.0,2,2.0,2.0,1
4949,10627,2,2,,,,2.0,1
4950,10612,1,2,2.0,1,1.0,1.0,0
4951,10612,1,2,2.0,1,1.0,1.0,0
4952,10602,1,2,1.0,1,2.0,1.0,1
4953,10617,1,2,,,,1.0,1
4954,10602,1,2,1.0,1,2.0,1.0,1
4955,10612,1,2,2.0,1,1.0,1.0,0
4956,10627,2,2,,,,2.0,1
4957,10612,1,2,2.0,1,1.0,1.0,0
4958,10617,1,2,,,,1.0,1
4959,10602,1,2,1.0,1,2.0,1.0,1
4960,10602,1,2,1.0,1,2.0,1.0,1
4961,10612,1,2,2.0,1,1.0,1.0,0
4962,10597,1,2,1.0,1,2.0,1.0,1
4963,10597,1,2,1.0,1,2.0,1.0,1
4964,10607,1,2,,,,1.0,1
4965,10597,1,2,1.0,1,2.0,1.0,1
4966,10607,1,2,,,,1.0,1
4967,10597,1,2,1.0,1,2.0,1.0,1
4968,10607,1,2,,,,1.0,1
4969,10602,1,2,1.0,1,2.0,1.0,1
4970,10607,1,2,,,,1.0,1
4971,10627,2,2,,,,2.0,1
4972,10612,1,2,2.0,1,1.0,1.0,0
4973,10607,1,2,,,,1.0,1
4974,10622,2,2,,,,2.0,1
4975,10592,1,1,3.0,2,2.0,2.0,1
4976,10617,1,2,,,,1.0,1
4977,10612,1,2,2.0,1,1.0,1.0,0
4978,10617,1,2,,,,1.0,1
4979,10617,1,2,,,,1.0,1
4980,10627,2,2,,,,2.0,1
4981,10597,1,2,1.0,1,2.0,1.0,1
4982,10612,1,2,2.0,1,1.0,1.0,0
4983,10602,1,2,1.0,1,2.0,1.0,1
4984,10607,1,2,,,,1.0,1
4985,10617,1,2,,,,1.0,1
4986,10617,1,2,,,,1.0,1
4987,10622,2,2,,,,2.0,1
4988,10592,1,1,3.0,2,2.0,2.0,1
4989,10612,1,2,2.0,1,1.0,1.0,0
4990,10612,1,2,2.0,1,1.0,1.0,0
4991,10602,1,2,1.0,1,2.0,1.0,1
4992,10617,1,2,,,,1.0,1
4993,10627,2,2,,,,2.0,1
4994,10597,1,2,1.0,1,2.0,1.0,1
4995,10597,1,2,1.0,1,2.0,1.0,1
4996,10597,1,2,1.0,1,2.0,1.0,1
4997,10597,1,2,1.0,1,2.0,1.0,1
4998,10597,1,2,1.0,1,2.0,1.0,1
4999,10617,1,2,,,,1.0,1
5000,10612,1,2,2.0,1,1.0,1.0,0
5001,10597,1,2,1.0,1,2.0,1.0,1
5002,10592,1,1,3.0,2,2.0,2.0,1
5003,10607,1,2,,,,1.0,1
5004,10627,2,2,,,,2.0,1
5005,10627,2,2,,,,2.0,1
5006,10627,2,2,,,,2.0,1
5007,10592,1,1,3.0,2,2.0,2.0,1
5008,10597,1,2,1.0,1,2.0,1.0,1
5009,10597,1,2,1.0,1,2.0,1.0,1
5010,10592,1,1,3.0,2,2.0,2.0,1
5011,10612,1,2,2.0,1,1.0,1.0,0
5012,10612,1,2,2.0,1,1.0,1.0,0
5013,10597,1,2,1.0,1,2.0,1.0,1
5014,10607,1,2,,,,1.0,1
5015,10607,1,2,,,,1.0,1
5016,10597,1,2,1.0,1,2.0,1.0,1
5017,10627,2,2,,,,2.0,1
5018,10597,1,2,1.0,1,2.0,1.0,1
5019,10597,1,2,1.0,1,2.0,1.0,1
5020,10612,1,2,2.0,1,1.0,1.0,0
5021,10622,2,2,,,,2.0,1
5022,10622,2,2,,,,2.0,1
5023,10622,2,2,,,,2.0,1
5024,10622,2,2,,,,2.0,1
5025,10622,2,2,,,,2.0,1
5026,10622,2,2,,,,2.0,1
5027,10622,2,2,,,,2.0,1
5028,10622,2,2,,,,2.0,1
5029,10622,2,2,,,,2.0,1
5030,10627,2,2,,,,2.0,1
5031,10627,2,2,,,,2.0,1
5032,10612,1,2,2.0,1,1.0,1.0,0
5033,10592,1,1,3.0,2,2.0,2.0,1
5034,10592,1,1,3.0,2,2.0,2.0,1
5035,10592,1,1,3.0,2,2.0,2.0,1
5036,10597,1,2,1.0,1,2.0,1.0,1
5037,10627,2,2,,,,2.0,1
5038,10622,2,2,,,,2.0,1
5039,10607,1,2,,,,1.0,1
5040,10597,1,2,1.0,1,2.0,1.0,1
5041,10617,1,2,,,,1.0,1
5042,10617,1,2,,,,1.0,1
5043,10617,1,2,,,,1.0,1
5044,10597,1,2,1.0,1,2.0,1.0,1
5045,10592,1,1,3.0,4,1.0,1.0,1
5046,10602,1,2,3.0,4,1.0,1.0,0
5047,10612,1,2,3.0,3,1.0,1.0,0
5048,10597,1,2,1.0,1,2.0,1.0,1
5049,10597,2,2,2.0,4,2.0,1.0,0
5050,10597,1,1,1.0,2,1.0,1.0,1
5051,10597,1,1,1.0,4,1.0,2.0,1
5052,10602,1,2,1.0,1,2.0,1.0,1
5053,10592,1,1,3.0,2,2.0,2.0,1
5054,10592,1,1,3.0,3,1.0,2.0,1
5055,10612,1,2,2.0,1,1.0,1.0,0
5056,10612,2,1,1.0,1,2.0,1.0,1
5057,10592,1,2,4.0,"System complexity (hard for front-office secretaries & admins to understand & maneuver), Lack of robustness (inability to handle & process big data instantaneously), Outdated Information Management systems.",1.0,1.0, Yes
5058,10607,1,2,,,,1.0,1
5059,10617,1,2,,,,1.0,1
5060,10622,2,2,,,,2.0,1
5061,10627,2,2,,,,2.0,1
5062,10592,1,1,3.0,2,2.0,2.0,1
5063,10592,1,1,3.0,3,1.0,2.0,1
5064,10592,1,1,3.0,2,2.0,2.0,1
5065,10592,1,1,3.0,3,1.0,2.0,1
5066,10592,1,1,3.0,2,2.0,2.0,1
5067,10592,1,1,3.0,3,1.0,2.0,1
5068,10612,1,2,2.0,1,1.0,1.0,0
5069,10592,1,1,3.0,4,1.0,1.0,1
5070,10597,1,2,1.0,1,2.0,1.0,1
5071,10592,1,1,3.0,2,2.0,2.0,1
5072,10592,1,1,3.0,3,1.0,2.0,1
5073,10617,1,2,,,,1.0,1
5074,10602,1,2,1.0,1,2.0,1.0,1
5075,10602,1,2,1.0,1,2.0,1.0,1
5076,10622,2,2,,,,2.0,1
5077,10617,1,2,,,,1.0,1
5078,10622,2,2,,,,2.0,1
5079,10602,1,2,1.0,1,2.0,1.0,1
5080,10617,1,2,,,,1.0,1
5081,10592,1,1,3.0,2,2.0,2.0,1
5082,10607,1,2,,,,1.0,1
5083,10592,1,1,3.0,3,1.0,2.0,1
5084,10627,2,2,,,,2.0,1
5085,10617,1,2,,,,1.0,1
5086,10592,1,1,3.0,3,1.0,2.0,1
5087,10592,1,1,3.0,3,1.0,2.0,1
5088,10612,1,2,2.0,1,1.0,1.0,0
5089,10597,1,2,1.0,1,2.0,1.0,1
5090,10592,1,1,3.0,3,1.0,2.0,1
5091,10622,2,2,,,,2.0,1
5092,10622,2,2,,,,2.0,1
5093,10607,1,2,,,,1.0,1
5094,10592,1,1,3.0,3,1.0,2.0,1
5095,10622,2,2,,,,2.0,1
5096,10597,1,2,1.0,1,2.0,1.0,1
5097,10617,1,2,,,,1.0,1
5098,10602,1,2,1.0,1,2.0,1.0,1
5099,10617,1,2,,,,1.0,1
5100,10622,2,2,,,,2.0,1
5101,10592,1,1,3.0,2,2.0,2.0,1
5102,10607,1,2,,,,1.0,1
5103,10627,2,2,,,,2.0,1
5104,10627,2,2,,,,2.0,1
5105,10592,1,1,3.0,4,1.0,1.0,1
5106,10627,2,2,,,,2.0,1
5107,10612,1,2,2.0,1,1.0,1.0,0
5108,10592,1,1,3.0,4,1.0,1.0,1
5109,10592,1,1,3.0,4,1.0,1.0,1
5110,10617,1,2,,,,1.0,1
5111,10602,1,2,1.0,1,2.0,1.0,1
5112,10627,2,2,,,,2.0,1
5113,10592,1,1,3.0,2,2.0,2.0,1
5114,10607,1,2,,,,1.0,1
5115,10592,1,1,3.0,2,2.0,2.0,1
5116,10607,1,2,,,,1.0,1
5117,10607,1,2,,,,1.0,1
5118,10612,1,2,2.0,1,1.0,1.0,0
5119,10592,1,1,3.0,2,2.0,2.0,1
5120,10627,2,2,,,,2.0,1
5121,10612,1,2,2.0,1,1.0,1.0,0
5122,10612,1,2,2.0,1,1.0,1.0,0
5123,10602,1,2,1.0,1,2.0,1.0,1
5124,10617,1,2,,,,1.0,1
5125,10602,1,2,1.0,1,2.0,1.0,1
5126,10612,1,2,2.0,1,1.0,1.0,0
5127,10627,2,2,,,,2.0,1
5128,10612,1,2,2.0,1,1.0,1.0,0
5129,10617,1,2,,,,1.0,1
5130,10602,1,2,1.0,1,2.0,1.0,1
5131,10602,1,2,1.0,1,2.0,1.0,1
5132,10612,1,2,2.0,1,1.0,1.0,0
5133,10597,1,2,1.0,1,2.0,1.0,1
5134,10597,1,2,1.0,1,2.0,1.0,1
5135,10607,1,2,,,,1.0,1
5136,10597,1,2,1.0,1,2.0,1.0,1
5137,10607,1,2,,,,1.0,1
5138,10597,1,2,1.0,1,2.0,1.0,1
5139,10607,1,2,,,,1.0,1
5140,10602,1,2,1.0,1,2.0,1.0,1
5141,10607,1,2,,,,1.0,1
5142,10627,2,2,,,,2.0,1
5143,10612,1,2,2.0,1,1.0,1.0,0
5144,10607,1,2,,,,1.0,1
5145,10622,2,2,,,,2.0,1
5146,10592,1,1,3.0,2,2.0,2.0,1
5147,10617,1,2,,,,1.0,1
5148,10612,1,2,2.0,1,1.0,1.0,0
5149,10617,1,2,,,,1.0,1
5150,10617,1,2,,,,1.0,1
5151,10627,2,2,,,,2.0,1
5152,10597,1,2,1.0,1,2.0,1.0,1
5153,10612,1,2,2.0,1,1.0,1.0,0
5154,10602,1,2,1.0,1,2.0,1.0,1
5155,10607,1,2,,,,1.0,1
5156,10617,1,2,,,,1.0,1
5157,10617,1,2,,,,1.0,1
5158,10622,2,2,,,,2.0,1
5159,10592,1,1,3.0,2,2.0,2.0,1
5160,10612,1,2,2.0,1,1.0,1.0,0
5161,10612,1,2,2.0,1,1.0,1.0,0
5162,10602,1,2,1.0,1,2.0,1.0,1
5163,10617,1,2,,,,1.0,1
5164,10627,2,2,,,,2.0,1
5165,10597,1,2,1.0,1,2.0,1.0,1
5166,10597,1,2,1.0,1,2.0,1.0,1
5167,10597,1,2,1.0,1,2.0,1.0,1
5168,10597,1,2,1.0,1,2.0,1.0,1
5169,10597,1,2,1.0,1,2.0,1.0,1
5170,10617,1,2,,,,1.0,1
5171,10612,1,2,2.0,1,1.0,1.0,0
5172,10597,1,2,1.0,1,2.0,1.0,1
5173,10592,1,1,3.0,2,2.0,2.0,1
5174,10607,1,2,,,,1.0,1
5175,10627,2,2,,,,2.0,1
5176,10627,2,2,,,,2.0,1
5177,10627,2,2,,,,2.0,1
5178,10592,1,1,3.0,2,2.0,2.0,1
5179,10597,1,2,1.0,1,2.0,1.0,1
5180,10597,1,2,1.0,1,2.0,1.0,1
5181,10592,1,1,3.0,2,2.0,2.0,1
5182,10612,1,2,2.0,1,1.0,1.0,0
5183,10612,1,2,2.0,1,1.0,1.0,0
5184,10597,1,2,1.0,1,2.0,1.0,1
5185,10607,1,2,,,,1.0,1
5186,10607,1,2,,,,1.0,1
5187,10597,1,2,1.0,1,2.0,1.0,1
5188,10627,2,2,,,,2.0,1
5189,10597,1,2,1.0,1,2.0,1.0,1
5190,10597,1,2,1.0,1,2.0,1.0,1
5191,10612,1,2,2.0,1,1.0,1.0,0
5192,10622,2,2,,,,2.0,1
5193,10622,2,2,,,,2.0,1
5194,10622,2,2,,,,2.0,1
5195,10622,2,2,,,,2.0,1
5196,10622,2,2,,,,2.0,1
5197,10622,2,2,,,,2.0,1
5198,10622,2,2,,,,2.0,1
5199,10622,2,2,,,,2.0,1
5200,10622,2,2,,,,2.0,1
5201,10627,2,2,,,,2.0,1
5202,10627,2,2,,,,2.0,1
5203,10612,1,2,2.0,1,1.0,1.0,0
5204,10592,1,1,3.0,2,2.0,2.0,1
5205,10592,1,1,3.0,2,2.0,2.0,1
5206,10592,1,1,3.0,2,2.0,2.0,1
5207,10597,1,2,1.0,1,2.0,1.0,1
5208,10627,2,2,,,,2.0,1
5209,10622,2,2,,,,2.0,1
5210,10607,1,2,,,,1.0,1
5211,10597,1,2,1.0,1,2.0,1.0,1
5212,10617,1,2,,,,1.0,1
5213,10617,1,2,,,,1.0,1
5214,10617,1,2,,,,1.0,1
5215,10597,1,2,1.0,1,2.0,1.0,1
5216,10592,1,1,3.0,4,1.0,1.0,1
5217,10602,1,2,3.0,4,1.0,1.0,0
5218,10612,1,2,3.0,3,1.0,1.0,0
5219,10597,1,2,1.0,1,2.0,1.0,1
5220,10597,2,2,2.0,4,2.0,1.0,0
5221,10597,1,1,1.0,2,1.0,1.0,1
5222,10597,1,1,1.0,4,1.0,2.0,1
5223,10602,1,2,1.0,1,2.0,1.0,1
5224,10592,1,1,3.0,2,2.0,2.0,1
5225,10592,1,1,3.0,3,1.0,2.0,1
5226,10612,1,2,2.0,1,1.0,1.0,0
5227,10612,2,1,1.0,1,2.0,1.0,1
5228,10592,1,2,4.0,"System complexity (hard for front-office secretaries & admins to understand & maneuver), Lack of robustness (inability to handle & process big data instantaneously), Outdated Information Management systems.",1.0,1.0, Yes
5229,10607,1,2,,,,1.0,1
5230,10617,1,2,,,,1.0,1
5231,10622,2,2,,,,2.0,1
5232,10627,2,2,,,,2.0,1
5233,10592,1,1,3.0,2,2.0,2.0,1
5234,10592,1,1,3.0,3,1.0,2.0,1
5235,10592,1,1,3.0,2,2.0,2.0,1
5236,10592,1,1,3.0,3,1.0,2.0,1
5237,10592,1,1,3.0,2,2.0,2.0,1
5238,10592,1,1,3.0,3,1.0,2.0,1
5239,10612,1,2,2.0,1,1.0,1.0,0
5240,10592,1,1,3.0,4,1.0,1.0,1
5241,10597,1,2,1.0,1,2.0,1.0,1
5242,10592,1,1,3.0,2,2.0,2.0,1
5243,10592,1,1,3.0,3,1.0,2.0,1
5244,10617,1,2,,,,1.0,1
5245,10602,1,2,1.0,1,2.0,1.0,1
5246,10602,1,2,1.0,1,2.0,1.0,1
5247,10622,2,2,,,,2.0,1
5248,10617,1,2,,,,1.0,1
5249,10622,2,2,,,,2.0,1
5250,10602,1,2,1.0,1,2.0,1.0,1
5251,10617,1,2,,,,1.0,1
5252,10592,1,1,3.0,2,2.0,2.0,1
5253,10607,1,2,,,,1.0,1
5254,10592,1,1,3.0,3,1.0,2.0,1
5255,10627,2,2,,,,2.0,1
5256,10617,1,2,,,,1.0,1
5257,10592,1,1,3.0,3,1.0,2.0,1
5258,10592,1,1,3.0,3,1.0,2.0,1
5259,10612,1,2,2.0,1,1.0,1.0,0
5260,10597,1,2,1.0,1,2.0,1.0,1
5261,10592,1,1,3.0,3,1.0,2.0,1
5262,10622,2,2,,,,2.0,1
5263,10622,2,2,,,,2.0,1
5264,10607,1,2,,,,1.0,1
5265,10592,1,1,3.0,3,1.0,2.0,1
5266,10622,2,2,,,,2.0,1
5267,10597,1,2,1.0,1,2.0,1.0,1
5268,10617,1,2,,,,1.0,1
5269,10602,1,2,1.0,1,2.0,1.0,1
5270,10617,1,2,,,,1.0,1
5271,10622,2,2,,,,2.0,1
5272,10592,1,1,3.0,2,2.0,2.0,1
5273,10607,1,2,,,,1.0,1
5274,10627,2,2,,,,2.0,1
5275,10627,2,2,,,,2.0,1
5276,10592,1,1,3.0,4,1.0,1.0,1
5277,10627,2,2,,,,2.0,1
5278,10612,1,2,2.0,1,1.0,1.0,0
5279,10592,1,1,3.0,4,1.0,1.0,1
5280,10592,1,1,3.0,4,1.0,1.0,1
5281,10617,1,2,,,,1.0,1
5282,10602,1,2,1.0,1,2.0,1.0,1
5283,10627,2,2,,,,2.0,1
5284,10592,1,1,3.0,2,2.0,2.0,1
5285,10607,1,2,,,,1.0,1
5286,10592,1,1,3.0,2,2.0,2.0,1
5287,10607,1,2,,,,1.0,1
5288,10607,1,2,,,,1.0,1
5289,10612,1,2,2.0,1,1.0,1.0,0
5290,10592,1,1,3.0,2,2.0,2.0,1
5291,10627,2,2,,,,2.0,1
5292,10612,1,2,2.0,1,1.0,1.0,0
5293,10612,1,2,2.0,1,1.0,1.0,0
5294,10602,1,2,1.0,1,2.0,1.0,1
5295,10617,1,2,,,,1.0,1
5296,10602,1,2,1.0,1,2.0,1.0,1
5297,10612,1,2,2.0,1,1.0,1.0,0
5298,10627,2,2,,,,2.0,1
5299,10612,1,2,2.0,1,1.0,1.0,0
5300,10617,1,2,,,,1.0,1
5301,10602,1,2,1.0,1,2.0,1.0,1
5302,10602,1,2,1.0,1,2.0,1.0,1
5303,10612,1,2,2.0,1,1.0,1.0,0
5304,10597,1,2,1.0,1,2.0,1.0,1
5305,10597,1,2,1.0,1,2.0,1.0,1
5306,10607,1,2,,,,1.0,1
5307,10597,1,2,1.0,1,2.0,1.0,1
5308,10607,1,2,,,,1.0,1
5309,10597,1,2,1.0,1,2.0,1.0,1
5310,10607,1,2,,,,1.0,1
5311,10602,1,2,1.0,1,2.0,1.0,1
5312,10607,1,2,,,,1.0,1
5313,10627,2,2,,,,2.0,1
5314,10612,1,2,2.0,1,1.0,1.0,0
5315,10607,1,2,,,,1.0,1
5316,10622,2,2,,,,2.0,1
5317,10592,1,1,3.0,2,2.0,2.0,1
5318,10617,1,2,,,,1.0,1
5319,10612,1,2,2.0,1,1.0,1.0,0
5320,10617,1,2,,,,1.0,1
5321,10617,1,2,,,,1.0,1
5322,10627,2,2,,,,2.0,1
5323,10597,1,2,1.0,1,2.0,1.0,1
5324,10612,1,2,2.0,1,1.0,1.0,0
5325,10602,1,2,1.0,1,2.0,1.0,1
5326,10607,1,2,,,,1.0,1
5327,10617,1,2,,,,1.0,1
5328,10617,1,2,,,,1.0,1
5329,10622,2,2,,,,2.0,1
5330,10592,1,1,3.0,2,2.0,2.0,1
5331,10612,1,2,2.0,1,1.0,1.0,0
5332,10612,1,2,2.0,1,1.0,1.0,0
5333,10602,1,2,1.0,1,2.0,1.0,1
5334,10617,1,2,,,,1.0,1
5335,10627,2,2,,,,2.0,1
5336,10597,1,2,1.0,1,2.0,1.0,1
5337,10597,1,2,1.0,1,2.0,1.0,1
5338,10597,1,2,1.0,1,2.0,1.0,1
5339,10597,1,2,1.0,1,2.0,1.0,1
5340,10597,1,2,1.0,1,2.0,1.0,1
5341,10617,1,2,,,,1.0,1
5342,10612,1,2,2.0,1,1.0,1.0,0
5343,10597,1,2,1.0,1,2.0,1.0,1
5344,10592,1,1,3.0,2,2.0,2.0,1
5345,10607,1,2,,,,1.0,1
5346,10627,2,2,,,,2.0,1
5347,10627,2,2,,,,2.0,1
5348,10627,2,2,,,,2.0,1
5349,10592,1,1,3.0,2,2.0,2.0,1
5350,10597,1,2,1.0,1,2.0,1.0,1
5351,10597,1,2,1.0,1,2.0,1.0,1
5352,10592,1,1,3.0,2,2.0,2.0,1
5353,10612,1,2,2.0,1,1.0,1.0,0
5354,10612,1,2,2.0,1,1.0,1.0,0
5355,10597,1,2,1.0,1,2.0,1.0,1
5356,10607,1,2,,,,1.0,1
5357,10607,1,2,,,,1.0,1
5358,10597,1,2,1.0,1,2.0,1.0,1
5359,10627,2,2,,,,2.0,1
5360,10597,1,2,1.0,1,2.0,1.0,1
5361,10597,1,2,1.0,1,2.0,1.0,1
5362,10612,1,2,2.0,1,1.0,1.0,0
5363,10622,2,2,,,,2.0,1
5364,10622,2,2,,,,2.0,1
5365,10622,2,2,,,,2.0,1
5366,10622,2,2,,,,2.0,1
5367,10622,2,2,,,,2.0,1
5368,10622,2,2,,,,2.0,1
5369,10622,2,2,,,,2.0,1
5370,10622,2,2,,,,2.0,1
5371,10622,2,2,,,,2.0,1
5372,10627,2,2,,,,2.0,1
5373,10627,2,2,,,,2.0,1
5374,10612,1,2,2.0,1,1.0,1.0,0
5375,10592,1,1,3.0,2,2.0,2.0,1
5376,10592,1,1,3.0,2,2.0,2.0,1
5377,10592,1,1,3.0,2,2.0,2.0,1
5378,10597,1,2,1.0,1,2.0,1.0,1
5379,10627,2,2,,,,2.0,1
5380,10622,2,2,,,,2.0,1
5381,10607,1,2,,,,1.0,1
5382,10597,1,2,1.0,1,2.0,1.0,1
5383,10617,1,2,,,,1.0,1
5384,10617,1,2,,,,1.0,1
5385,10617,1,2,,,,1.0,1
5386,10597,1,2,1.0,1,2.0,1.0,1
5387,10592,1,1,3.0,4,1.0,1.0,1
5388,10592,1,1,3.0,4,1.0,1.0,1
5389,10592,1,1,3.0,4,1.0,1.0,1
5390,10592,1,1,3.0,4,1.0,1.0,1
5391,10592,1,1,3.0,4,1.0,1.0,1
5392,10592,1,1,3.0,4,1.0,1.0,1
5393,10602,1,2,3.0,4,1.0,1.0,0
5394,10612,1,2,3.0,3,1.0,1.0,0
5395,10597,1,2,1.0,1,2.0,1.0,1
5396,10597,2,2,2.0,4,2.0,1.0,0
5397,10597,1,1,1.0,2,1.0,1.0,1
5398,10597,1,1,1.0,4,1.0,2.0,1
5399,10602,1,2,1.0,1,2.0,1.0,1
5400,10592,1,1,3.0,2,2.0,2.0,1
5401,10592,1,1,3.0,3,1.0,2.0,1
5402,10612,1,2,2.0,1,1.0,1.0,0
5403,10612,2,1,1.0,1,2.0,1.0,1
5404,10592,1,2,4.0,"System complexity (hard for front-office secretaries & admins to understand & maneuver), Lack of robustness (inability to handle & process big data instantaneously), Outdated Information Management systems.",1.0,1.0, Yes
5405,10607,1,2,,,,1.0,1
5406,10617,1,2,,,,1.0,1
5407,10622,2,2,,,,2.0,1
5408,10627,2,2,,,,2.0,1
5409,10592,1,1,3.0,2,2.0,2.0,1
5410,10592,1,1,3.0,3,1.0,2.0,1
5411,10592,1,1,3.0,2,2.0,2.0,1
5412,10592,1,1,3.0,3,1.0,2.0,1
5413,10592,1,1,3.0,2,2.0,2.0,1
5414,10592,1,1,3.0,3,1.0,2.0,1
5415,10612,1,2,2.0,1,1.0,1.0,0
5416,10592,1,1,3.0,4,1.0,1.0,1
5417,10597,1,2,1.0,1,2.0,1.0,1
5418,10592,1,1,3.0,2,2.0,2.0,1
5419,10592,1,1,3.0,3,1.0,2.0,1
5420,10617,1,2,,,,1.0,1
5421,10602,1,2,1.0,1,2.0,1.0,1
5422,10602,1,2,1.0,1,2.0,1.0,1
5423,10622,2,2,,,,2.0,1
5424,10617,1,2,,,,1.0,1
5425,10622,2,2,,,,2.0,1
5426,10602,1,2,1.0,1,2.0,1.0,1
5427,10617,1,2,,,,1.0,1
5428,10592,1,1,3.0,2,2.0,2.0,1
5429,10607,1,2,,,,1.0,1
5430,10592,1,1,3.0,3,1.0,2.0,1
5431,10627,2,2,,,,2.0,1
5432,10617,1,2,,,,1.0,1
5433,10592,1,1,3.0,3,1.0,2.0,1
5434,10592,1,1,3.0,3,1.0,2.0,1
5435,10612,1,2,2.0,1,1.0,1.0,0
5436,10597,1,2,1.0,1,2.0,1.0,1
5437,10592,1,1,3.0,3,1.0,2.0,1
5438,10622,2,2,,,,2.0,1
5439,10622,2,2,,,,2.0,1
5440,10607,1,2,,,,1.0,1
5441,10592,1,1,3.0,3,1.0,2.0,1
5442,10622,2,2,,,,2.0,1
5443,10597,1,2,1.0,1,2.0,1.0,1
5444,10617,1,2,,,,1.0,1
5445,10602,1,2,1.0,1,2.0,1.0,1
5446,10617,1,2,,,,1.0,1
5447,10622,2,2,,,,2.0,1
5448,10592,1,1,3.0,2,2.0,2.0,1
5449,10607,1,2,,,,1.0,1
5450,10627,2,2,,,,2.0,1
5451,10627,2,2,,,,2.0,1
5452,10592,1,1,3.0,4,1.0,1.0,1
5453,10627,2,2,,,,2.0,1
5454,10612,1,2,2.0,1,1.0,1.0,0
5455,10592,1,1,3.0,4,1.0,1.0,1
5456,10592,1,1,3.0,4,1.0,1.0,1
5457,10617,1,2,,,,1.0,1
5458,10602,1,2,1.0,1,2.0,1.0,1
5459,10627,2,2,,,,2.0,1
5460,10592,1,1,3.0,2,2.0,2.0,1
5461,10607,1,2,,,,1.0,1
5462,10592,1,1,3.0,2,2.0,2.0,1
5463,10607,1,2,,,,1.0,1
5464,10607,1,2,,,,1.0,1
5465,10612,1,2,2.0,1,1.0,1.0,0
5466,10592,1,1,3.0,2,2.0,2.0,1
5467,10627,2,2,,,,2.0,1
5468,10612,1,2,2.0,1,1.0,1.0,0
5469,10612,1,2,2.0,1,1.0,1.0,0
5470,10602,1,2,1.0,1,2.0,1.0,1
5471,10617,1,2,,,,1.0,1
5472,10602,1,2,1.0,1,2.0,1.0,1
5473,10612,1,2,2.0,1,1.0,1.0,0
5474,10627,2,2,,,,2.0,1
5475,10612,1,2,2.0,1,1.0,1.0,0
5476,10617,1,2,,,,1.0,1
5477,10602,1,2,1.0,1,2.0,1.0,1
5478,10602,1,2,1.0,1,2.0,1.0,1
5479,10612,1,2,2.0,1,1.0,1.0,0
5480,10597,1,2,1.0,1,2.0,1.0,1
5481,10597,1,2,1.0,1,2.0,1.0,1
5482,10607,1,2,,,,1.0,1
5483,10597,1,2,1.0,1,2.0,1.0,1
5484,10607,1,2,,,,1.0,1
5485,10597,1,2,1.0,1,2.0,1.0,1
5486,10607,1,2,,,,1.0,1
5487,10602,1,2,1.0,1,2.0,1.0,1
5488,10607,1,2,,,,1.0,1
5489,10627,2,2,,,,2.0,1
5490,10612,1,2,2.0,1,1.0,1.0,0
5491,10607,1,2,,,,1.0,1
5492,10622,2,2,,,,2.0,1
5493,10592,1,1,3.0,2,2.0,2.0,1
5494,10617,1,2,,,,1.0,1
5495,10612,1,2,2.0,1,1.0,1.0,0
5496,10617,1,2,,,,1.0,1
5497,10617,1,2,,,,1.0,1
5498,10627,2,2,,,,2.0,1
5499,10597,1,2,1.0,1,2.0,1.0,1
5500,10612,1,2,2.0,1,1.0,1.0,0
5501,10602,1,2,1.0,1,2.0,1.0,1
5502,10607,1,2,,,,1.0,1
5503,10617,1,2,,,,1.0,1
5504,10617,1,2,,,,1.0,1
5505,10622,2,2,,,,2.0,1
5506,10592,1,1,3.0,2,2.0,2.0,1
5507,10612,1,2,2.0,1,1.0,1.0,0
5508,10612,1,2,2.0,1,1.0,1.0,0
5509,10602,1,2,1.0,1,2.0,1.0,1
5510,10617,1,2,,,,1.0,1
5511,10627,2,2,,,,2.0,1
5512,10597,1,2,1.0,1,2.0,1.0,1
5513,10597,1,2,1.0,1,2.0,1.0,1
5514,10597,1,2,1.0,1,2.0,1.0,1
5515,10597,1,2,1.0,1,2.0,1.0,1
5516,10597,1,2,1.0,1,2.0,1.0,1
5517,10617,1,2,,,,1.0,1
5518,10612,1,2,2.0,1,1.0,1.0,0
5519,10597,1,2,1.0,1,2.0,1.0,1
5520,10592,1,1,3.0,2,2.0,2.0,1
5521,10607,1,2,,,,1.0,1
5522,10627,2,2,,,,2.0,1
5523,10627,2,2,,,,2.0,1
5524,10627,2,2,,,,2.0,1
5525,10592,1,1,3.0,2,2.0,2.0,1
5526,10597,1,2,1.0,1,2.0,1.0,1
5527,10597,1,2,1.0,1,2.0,1.0,1
5528,10592,1,1,3.0,2,2.0,2.0,1
5529,10612,1,2,2.0,1,1.0,1.0,0
5530,10612,1,2,2.0,1,1.0,1.0,0
5531,10597,1,2,1.0,1,2.0,1.0,1
5532,10607,1,2,,,,1.0,1
5533,10607,1,2,,,,1.0,1
5534,10597,1,2,1.0,1,2.0,1.0,1
5535,10627,2,2,,,,2.0,1
5536,10597,1,2,1.0,1,2.0,1.0,1
5537,10597,1,2,1.0,1,2.0,1.0,1
5538,10612,1,2,2.0,1,1.0,1.0,0
5539,10622,2,2,,,,2.0,1
5540,10622,2,2,,,,2.0,1
5541,10622,2,2,,,,2.0,1
5542,10622,2,2,,,,2.0,1
5543,10622,2,2,,,,2.0,1
5544,10622,2,2,,,,2.0,1
5545,10622,2,2,,,,2.0,1
5546,10622,2,2,,,,2.0,1
5547,10622,2,2,,,,2.0,1
5548,10627,2,2,,,,2.0,1
5549,10627,2,2,,,,2.0,1
5550,10612,1,2,2.0,1,1.0,1.0,0
5551,10592,1,1,3.0,2,2.0,2.0,1
5552,10592,1,1,3.0,2,2.0,2.0,1
5553,10592,1,1,3.0,2,2.0,2.0,1
5554,10597,1,2,1.0,1,2.0,1.0,1
5555,10627,2,2,,,,2.0,1
5556,10622,2,2,,,,2.0,1
5557,10607,1,2,,,,1.0,1
5558,10597,1,2,1.0,1,2.0,1.0,1
5559,10617,1,2,,,,1.0,1
5560,10617,1,2,,,,1.0,1
5561,10617,1,2,,,,1.0,1
5562,10597,1,2,1.0,1,2.0,1.0,1
5563,10592,1,1,3.0,4,1.0,1.0,1
5564,10602,1,2,3.0,4,1.0,1.0,0
5565,10612,1,2,3.0,3,1.0,1.0,0
5566,10597,1,2,1.0,1,2.0,1.0,1
5567,10597,2,2,2.0,4,2.0,1.0,0
5568,10597,1,1,1.0,2,1.0,1.0,1
5569,10597,1,1,1.0,4,1.0,2.0,1
5570,10602,1,2,1.0,1,2.0,1.0,1
5571,10592,1,1,3.0,2,2.0,2.0,1
5572,10592,1,1,3.0,3,1.0,2.0,1
5573,10612,1,2,2.0,1,1.0,1.0,0
5574,10612,2,1,1.0,1,2.0,1.0,1
5575,10592,1,2,4.0,"System complexity (hard for front-office secretaries & admins to understand & maneuver), Lack of robustness (inability to handle & process big data instantaneously), Outdated Information Management systems.",1.0,1.0, Yes
5576,10607,1,2,,,,1.0,1
5577,10617,1,2,,,,1.0,1
5578,10622,2,2,,,,2.0,1
5579,10627,2,2,,,,2.0,1
5580,10592,1,1,3.0,2,2.0,2.0,1
5581,10592,1,1,3.0,3,1.0,2.0,1
5582,10592,1,1,3.0,2,2.0,2.0,1
5583,10592,1,1,3.0,3,1.0,2.0,1
5584,10592,1,1,3.0,2,2.0,2.0,1
5585,10592,1,1,3.0,3,1.0,2.0,1
5586,10612,1,2,2.0,1,1.0,1.0,0
5587,10592,1,1,3.0,4,1.0,1.0,1
5588,10597,1,2,1.0,1,2.0,1.0,1
5589,10592,1,1,3.0,2,2.0,2.0,1
5590,10592,1,1,3.0,3,1.0,2.0,1
5591,10617,1,2,,,,1.0,1
5592,10602,1,2,1.0,1,2.0,1.0,1
5593,10602,1,2,1.0,1,2.0,1.0,1
5594,10622,2,2,,,,2.0,1
5595,10617,1,2,,,,1.0,1
5596,10622,2,2,,,,2.0,1
5597,10602,1,2,1.0,1,2.0,1.0,1
5598,10617,1,2,,,,1.0,1
5599,10592,1,1,3.0,2,2.0,2.0,1
5600,10607,1,2,,,,1.0,1
5601,10592,1,1,3.0,3,1.0,2.0,1
5602,10627,2,2,,,,2.0,1
5603,10617,1,2,,,,1.0,1
5604,10592,1,1,3.0,3,1.0,2.0,1
5605,10592,1,1,3.0,3,1.0,2.0,1
5606,10612,1,2,2.0,1,1.0,1.0,0
5607,10597,1,2,1.0,1,2.0,1.0,1
5608,10592,1,1,3.0,3,1.0,2.0,1
5609,10622,2,2,,,,2.0,1
5610,10622,2,2,,,,2.0,1
5611,10607,1,2,,,,1.0,1
5612,10592,1,1,3.0,3,1.0,2.0,1
5613,10622,2,2,,,,2.0,1
5614,10597,1,2,1.0,1,2.0,1.0,1
5615,10617,1,2,,,,1.0,1
5616,10602,1,2,1.0,1,2.0,1.0,1
5617,10617,1,2,,,,1.0,1
5618,10622,2,2,,,,2.0,1
5619,10592,1,1,3.0,2,2.0,2.0,1
5620,10607,1,2,,,,1.0,1
5621,10627,2,2,,,,2.0,1
5622,10627,2,2,,,,2.0,1
5623,10592,1,1,3.0,4,1.0,1.0,1
5624,10627,2,2,,,,2.0,1
5625,10612,1,2,2.0,1,1.0,1.0,0
5626,10592,1,1,3.0,4,1.0,1.0,1
5627,10592,1,1,3.0,4,1.0,1.0,1
5628,10617,1,2,,,,1.0,1
5629,10602,1,2,1.0,1,2.0,1.0,1
5630,10627,2,2,,,,2.0,1
5631,10592,1,1,3.0,2,2.0,2.0,1
5632,10607,1,2,,,,1.0,1
5633,10592,1,1,3.0,2,2.0,2.0,1
5634,10607,1,2,,,,1.0,1
5635,10607,1,2,,,,1.0,1
5636,10612,1,2,2.0,1,1.0,1.0,0
5637,10592,1,1,3.0,2,2.0,2.0,1
5638,10627,2,2,,,,2.0,1
5639,10612,1,2,2.0,1,1.0,1.0,0
5640,10612,1,2,2.0,1,1.0,1.0,0
5641,10602,1,2,1.0,1,2.0,1.0,1
5642,10617,1,2,,,,1.0,1
5643,10602,1,2,1.0,1,2.0,1.0,1
5644,10612,1,2,2.0,1,1.0,1.0,0
5645,10627,2,2,,,,2.0,1
5646,10612,1,2,2.0,1,1.0,1.0,0
5647,10617,1,2,,,,1.0,1
5648,10602,1,2,1.0,1,2.0,1.0,1
5649,10602,1,2,1.0,1,2.0,1.0,1
5650,10612,1,2,2.0,1,1.0,1.0,0
5651,10597,1,2,1.0,1,2.0,1.0,1
5652,10597,1,2,1.0,1,2.0,1.0,1
5653,10607,1,2,,,,1.0,1
5654,10597,1,2,1.0,1,2.0,1.0,1
5655,10607,1,2,,,,1.0,1
5656,10597,1,2,1.0,1,2.0,1.0,1
5657,10607,1,2,,,,1.0,1
5658,10602,1,2,1.0,1,2.0,1.0,1
5659,10607,1,2,,,,1.0,1
5660,10627,2,2,,,,2.0,1
5661,10612,1,2,2.0,1,1.0,1.0,0
5662,10607,1,2,,,,1.0,1
5663,10622,2,2,,,,2.0,1
5664,10592,1,1,3.0,2,2.0,2.0,1
5665,10617,1,2,,,,1.0,1
5666,10612,1,2,2.0,1,1.0,1.0,0
5667,10617,1,2,,,,1.0,1
5668,10617,1,2,,,,1.0,1
5669,10627,2,2,,,,2.0,1
5670,10597,1,2,1.0,1,2.0,1.0,1
5671,10612,1,2,2.0,1,1.0,1.0,0
5672,10602,1,2,1.0,1,2.0,1.0,1
5673,10607,1,2,,,,1.0,1
5674,10617,1,2,,,,1.0,1
5675,10617,1,2,,,,1.0,1
5676,10622,2,2,,,,2.0,1
5677,10592,1,1,3.0,2,2.0,2.0,1
5678,10612,1,2,2.0,1,1.0,1.0,0
5679,10612,1,2,2.0,1,1.0,1.0,0
5680,10602,1,2,1.0,1,2.0,1.0,1
5681,10617,1,2,,,,1.0,1
5682,10627,2,2,,,,2.0,1
5683,10597,1,2,1.0,1,2.0,1.0,1
5684,10597,1,2,1.0,1,2.0,1.0,1
5685,10597,1,2,1.0,1,2.0,1.0,1
5686,10597,1,2,1.0,1,2.0,1.0,1
5687,10597,1,2,1.0,1,2.0,1.0,1
5688,10617,1,2,,,,1.0,1
5689,10612,1,2,2.0,1,1.0,1.0,0
5690,10597,1,2,1.0,1,2.0,1.0,1
5691,10592,1,1,3.0,2,2.0,2.0,1
5692,10607,1,2,,,,1.0,1
5693,10627,2,2,,,,2.0,1
5694,10627,2,2,,,,2.0,1
5695,10627,2,2,,,,2.0,1
5696,10592,1,1,3.0,2,2.0,2.0,1
5697,10597,1,2,1.0,1,2.0,1.0,1
5698,10597,1,2,1.0,1,2.0,1.0,1
5699,10592,1,1,3.0,2,2.0,2.0,1
5700,10612,1,2,2.0,1,1.0,1.0,0
5701,10612,1,2,2.0,1,1.0,1.0,0
5702,10597,1,2,1.0,1,2.0,1.0,1
5703,10607,1,2,,,,1.0,1
5704,10607,1,2,,,,1.0,1
5705,10597,1,2,1.0,1,2.0,1.0,1
5706,10592,1,1,3.0,4,1.0,1.0,Yes 
5707,10602,1,2,3.0,4,1.0,1.0,0
5708,10612,1,2,3.0,3,1.0,1.0,0
5709,10597,1,2,1.0,1,2.0,1.0,1
5710,10597,2,2,2.0,4,2.0,1.0,0
5711,10597,1,1,1.0,2,1.0,1.0,1
5712,10597,1,1,1.0,4,1.0,2.0,1
5713,10602,1,2,1.0,1,2.0,1.0,1
5714,10592,1,1,3.0,2,2.0,2.0,1
5715,10592,1,1,3.0,3,1.0,2.0,1
5716,10612,1,2,2.0,1,1.0,1.0,0
5717,10612,2,1,1.0,1,2.0,1.0,1
5718,10592,1,2,4.0,"System complexity (hard for front-office secretaries & admins to understand & maneuver), Lack of robustness (inability to handle & process big data instantaneously), Outdated Information Management systems.",1.0,1.0,1
5719,10607,1,2,,,,1.0,1
5720,10617,1,2,,,,1.0,1
5721,10622,2,2,,,,2.0,1
5722,10627,2,2,,,,2.0,1
5723,10592,1,1,3.0,2,2.0,2.0,1
5724,10592,1,1,3.0,3,1.0,2.0,1
5725,10592,1,1,3.0,2,2.0,2.0,1
5726,10592,1,1,3.0,3,1.0,2.0,1
5727,10592,1,1,3.0,2,2.0,2.0,1
5728,10592,1,1,3.0,3,1.0,2.0,1
5729,10612,1,2,2.0,1,1.0,1.0,0
5730,10592,1,1,3.0,4,1.0,1.0,1
5731,10597,1,2,1.0,1,2.0,1.0,1
5732,10592,1,1,3.0,2,2.0,2.0,1
5733,10592,1,1,3.0,3,1.0,2.0,1
5734,10617,1,2,,,,1.0,1
5735,10602,1,2,1.0,1,2.0,1.0,1
5736,10602,1,2,1.0,1,2.0,1.0,1
5737,10622,2,2,,,,2.0,1
5738,10617,1,2,,,,1.0,1
5739,10622,2,2,,,,2.0,1
5740,10602,1,2,1.0,1,2.0,1.0,1
5741,10617,1,2,,,,1.0,1
5742,10592,1,1,3.0,2,2.0,2.0,1
5743,10607,1,2,,,,1.0,1
5744,10592,1,1,3.0,3,1.0,2.0,1
5745,10627,2,2,,,,2.0,1
5746,10617,1,2,,,,1.0,1
5747,10592,1,1,3.0,3,1.0,2.0,1
5748,10592,1,1,3.0,3,1.0,2.0,1
5749,10612,1,2,2.0,1,1.0,1.0,0
5750,10597,1,2,1.0,1,2.0,1.0,1
5751,10592,1,1,3.0,3,1.0,2.0,1
5752,10622,2,2,,,,2.0,1
5753,10622,2,2,,,,2.0,1
5754,10607,1,2,,,,1.0,1
5755,10592,1,1,3.0,3,1.0,2.0,1
5756,10622,2,2,,,,2.0,1
5757,10597,1,2,1.0,1,2.0,1.0,1
5758,10617,1,2,,,,1.0,1
5759,10602,1,2,1.0,1,2.0,1.0,1
5760,10617,1,2,,,,1.0,1
5761,10622,2,2,,,,2.0,1
5762,10592,1,1,3.0,2,2.0,2.0,1
5763,10607,1,2,,,,1.0,1
5764,10627,2,2,,,,2.0,1
5765,10627,2,2,,,,2.0,1
5766,10592,1,1,3.0,4,1.0,1.0,1
5767,10627,2,2,,,,2.0,1
5768,10612,1,2,2.0,1,1.0,1.0,0
5769,10592,1,1,3.0,4,1.0,1.0,1
5770,10592,1,1,3.0,4,1.0,1.0,1
5771,10617,1,2,,,,1.0,1
5772,10602,1,2,1.0,1,2.0,1.0,1
5773,10627,2,2,,,,2.0,1
5774,10592,1,1,3.0,2,2.0,2.0,1
5775,10607,1,2,,,,1.0,1
5776,10592,1,1,3.0,2,2.0,2.0,1
5777,10607,1,2,,,,1.0,1
5778,10607,1,2,,,,1.0,1
5779,10612,1,2,2.0,1,1.0,1.0,0
5780,10592,1,1,3.0,2,2.0,2.0,1
5781,10627,2,2,,,,2.0,1
5782,10612,1,2,2.0,1,1.0,1.0,0
5783,10612,1,2,2.0,1,1.0,1.0,0
5784,10602,1,2,1.0,1,2.0,1.0,1
5785,10617,1,2,,,,1.0,1
5786,10602,1,2,1.0,1,2.0,1.0,1
5787,10612,1,2,2.0,1,1.0,1.0,0
5788,10627,2,2,,,,2.0,1
5789,10612,1,2,2.0,1,1.0,1.0,0
5790,10617,1,2,,,,1.0,1
5791,10602,1,2,1.0,1,2.0,1.0,1
5792,10602,1,2,1.0,1,2.0,1.0,1
5793,10612,1,2,2.0,1,1.0,1.0,0
5794,10597,1,2,1.0,1,2.0,1.0,1
5795,10597,1,2,1.0,1,2.0,1.0,1
5796,10607,1,2,,,,1.0,1
5797,10597,1,2,1.0,1,2.0,1.0,1
5798,10607,1,2,,,,1.0,1
5799,10597,1,2,1.0,1,2.0,1.0,1
5800,10607,1,2,,,,1.0,1
5801,10602,1,2,1.0,1,2.0,1.0,1
5802,10607,1,2,,,,1.0,1
5803,10627,2,2,,,,2.0,1
5804,10612,1,2,2.0,1,1.0,1.0,0
5805,10607,1,2,,,,1.0,1
5806,10622,2,2,,,,2.0,1
5807,10592,1,1,3.0,2,2.0,2.0,1
5808,10617,1,2,,,,1.0,1
5809,10612,1,2,2.0,1,1.0,1.0,0
5810,10617,1,2,,,,1.0,1
5811,10617,1,2,,,,1.0,1
5812,10627,2,2,,,,2.0,1
5813,10597,1,2,1.0,1,2.0,1.0,1
5814,10612,1,2,2.0,1,1.0,1.0,0
5815,10602,1,2,1.0,1,2.0,1.0,1
5816,10607,1,2,,,,1.0,1
5817,10617,1,2,,,,1.0,1
5818,10617,1,2,,,,1.0,1
5819,10622,2,2,,,,2.0,1
5820,10592,1,1,3.0,2,2.0,2.0,1
5821,10612,1,2,2.0,1,1.0,1.0,0
5822,10612,1,2,2.0,1,1.0,1.0,0
5823,10602,1,2,1.0,1,2.0,1.0,1
5824,10617,1,2,,,,1.0,1
5825,10627,2,2,,,,2.0,1
5826,10597,1,2,1.0,1,2.0,1.0,1
5827,10597,1,2,1.0,1,2.0,1.0,1
5828,10597,1,2,1.0,1,2.0,1.0,1
5829,10597,1,2,1.0,1,2.0,1.0,1
5830,10597,1,2,1.0,1,2.0,1.0,1
5831,10617,1,2,,,,1.0,1
5832,10612,1,2,2.0,1,1.0,1.0,0
5833,10597,1,2,1.0,1,2.0,1.0,1
5834,10592,1,1,3.0,2,2.0,2.0,1
5835,10607,1,2,,,,1.0,1
5836,10627,2,2,,,,2.0,1
5837,10627,2,2,,,,2.0,1
5838,10627,2,2,,,,2.0,1
5839,10592,1,1,3.0,2,2.0,2.0,1
5840,10597,1,2,1.0,1,2.0,1.0,1
5841,10597,1,2,1.0,1,2.0,1.0,1
5842,10592,1,1,3.0,2,2.0,2.0,1
5843,10612,1,2,2.0,1,1.0,1.0,0
5844,10612,1,2,2.0,1,1.0,1.0,0
5845,10597,1,2,1.0,1,2.0,1.0,1
5846,10607,1,2,,,,1.0,1
5847,10607,1,2,,,,1.0,1
5848,10597,1,2,1.0,1,2.0,1.0,1
5849,10627,2,2,,,,2.0,1
5850,10597,1,2,1.0,1,2.0,1.0,1
5851,10597,1,2,1.0,1,2.0,1.0,1
5852,10612,1,2,2.0,1,1.0,1.0,0
5853,10622,2,2,,,,2.0,1
5854,10622,2,2,,,,2.0,1
5855,10622,2,2,,,,2.0,1
5856,10622,2,2,,,,2.0,1
5857,10622,2,2,,,,2.0,1
5858,10622,2,2,,,,2.0,1
5859,10622,2,2,,,,2.0,1
5860,10622,2,2,,,,2.0,1
5861,10622,2,2,,,,2.0,1
5862,10627,2,2,,,,2.0,1
5863,10627,2,2,,,,2.0,1
5864,10612,1,2,2.0,1,1.0,1.0,0
5865,10592,1,1,3.0,2,2.0,2.0,1
5866,10592,1,1,3.0,2,2.0,2.0,1
5867,10592,1,1,3.0,2,2.0,2.0,1
5868,10597,1,2,1.0,1,2.0,1.0,1
5869,10627,2,2,,,,2.0,1
5870,10622,2,2,,,,2.0,1
5871,10607,1,2,,,,1.0,1
5872,10597,1,2,1.0,1,2.0,1.0,1
5873,10617,1,2,,,,1.0,1
5874,10617,1,2,,,,1.0,1
5875,10617,1,2,,,,1.0,1
5876,10597,1,2,1.0,1,2.0,1.0,1
5877,10592,1,1,3.0,4,1.0,1.0,1
5878,10602,1,2,3.0,4,1.0,1.0,0
5879,10612,1,2,3.0,3,1.0,1.0,0
5880,10597,1,2,1.0,1,2.0,1.0,1
5881,10597,2,2,2.0,4,2.0,1.0,0
5882,10597,1,1,1.0,2,1.0,1.0,1
5883,10597,1,1,1.0,4,1.0,2.0,1
5884,10602,1,2,1.0,1,2.0,1.0,1
5885,10592,1,1,3.0,2,2.0,2.0,1
5886,10592,1,1,3.0,3,1.0,2.0,1
5887,10612,1,2,2.0,1,1.0,1.0,0
5888,10612,2,1,1.0,1,2.0,1.0,1
5889,10592,1,2,4.0,"System complexity (hard for front-office secretaries & admins to understand & maneuver), Lack of robustness (inability to handle & process big data instantaneously), Outdated Information Management systems.",1.0,1.0, Yes
5890,10607,1,2,,,,1.0,1
5891,10617,1,2,,,,1.0,1
5892,10622,2,2,,,,2.0,1
5893,10627,2,2,,,,2.0,1
5894,10592,1,1,3.0,2,2.0,2.0,1
5895,10592,1,1,3.0,3,1.0,2.0,1
5896,10592,1,1,3.0,2,2.0,2.0,1
5897,10592,1,1,3.0,3,1.0,2.0,1
5898,10592,1,1,3.0,2,2.0,2.0,1
5899,10592,1,1,3.0,3,1.0,2.0,1
5900,10612,1,2,2.0,1,1.0,1.0,0
5901,10592,1,1,3.0,4,1.0,1.0,1
5902,10597,1,2,1.0,1,2.0,1.0,1
5903,10592,1,1,3.0,2,2.0,2.0,1
5904,10592,1,1,3.0,3,1.0,2.0,1
5905,10617,1,2,,,,1.0,1
5906,10602,1,2,1.0,1,2.0,1.0,1
5907,10602,1,2,1.0,1,2.0,1.0,1
5908,10622,2,2,,,,2.0,1
5909,10617,1,2,,,,1.0,1
5910,10622,2,2,,,,2.0,1
5911,10602,1,2,1.0,1,2.0,1.0,1
5912,10617,1,2,,,,1.0,1
5913,10592,1,1,3.0,2,2.0,2.0,1
5914,10607,1,2,,,,1.0,1
5915,10592,1,1,3.0,3,1.0,2.0,1
5916,10627,2,2,,,,2.0,1
5917,10617,1,2,,,,1.0,1
5918,10592,1,1,3.0,3,1.0,2.0,1
5919,10592,1,1,3.0,3,1.0,2.0,1
5920,10612,1,2,2.0,1,1.0,1.0,0
5921,10597,1,2,1.0,1,2.0,1.0,1
5922,10592,1,1,3.0,3,1.0,2.0,1
5923,10622,2,2,,,,2.0,1
5924,10622,2,2,,,,2.0,1
5925,10607,1,2,,,,1.0,1
5926,10592,1,1,3.0,3,1.0,2.0,1
5927,10622,2,2,,,,2.0,1
5928,10597,1,2,1.0,1,2.0,1.0,1
5929,10617,1,2,,,,1.0,1
5930,10602,1,2,1.0,1,2.0,1.0,1
5931,10617,1,2,,,,1.0,1
5932,10622,2,2,,,,2.0,1
5933,10592,1,1,3.0,2,2.0,2.0,1
5934,10607,1,2,,,,1.0,1
5935,10627,2,2,,,,2.0,1
5936,10627,2,2,,,,2.0,1
5937,10592,1,1,3.0,4,1.0,1.0,1
5938,10627,2,2,,,,2.0,1
5939,10612,1,2,2.0,1,1.0,1.0,0
5940,10592,1,1,3.0,4,1.0,1.0,1
5941,10592,1,1,3.0,4,1.0,1.0,1
5942,10617,1,2,,,,1.0,1
5943,10602,1,2,1.0,1,2.0,1.0,1
5944,10627,2,2,,,,2.0,1
5945,10592,1,1,3.0,2,2.0,2.0,1
5946,10607,1,2,,,,1.0,1
5947,10592,1,1,3.0,2,2.0,2.0,1
5948,10607,1,2,,,,1.0,1
5949,10607,1,2,,,,1.0,1
5950,10612,1,2,2.0,1,1.0,1.0,0
5951,10592,1,1,3.0,2,2.0,2.0,1
5952,10627,2,2,,,,2.0,1
5953,10612,1,2,2.0,1,1.0,1.0,0
5954,10612,1,2,2.0,1,1.0,1.0,0
5955,10602,1,2,1.0,1,2.0,1.0,1
5956,10617,1,2,,,,1.0,1
5957,10602,1,2,1.0,1,2.0,1.0,1
5958,10612,1,2,2.0,1,1.0,1.0,0
5959,10627,2,2,,,,2.0,1
5960,10612,1,2,2.0,1,1.0,1.0,0
5961,10617,1,2,,,,1.0,1
5962,10602,1,2,1.0,1,2.0,1.0,1
5963,10602,1,2,1.0,1,2.0,1.0,1
5964,10612,1,2,2.0,1,1.0,1.0,0
5965,10597,1,2,1.0,1,2.0,1.0,1
5966,10597,1,2,1.0,1,2.0,1.0,1
5967,10607,1,2,,,,1.0,1
5968,10597,1,2,1.0,1,2.0,1.0,1
5969,10607,1,2,,,,1.0,1
5970,10597,1,2,1.0,1,2.0,1.0,1
5971,10607,1,2,,,,1.0,1
5972,10602,1,2,1.0,1,2.0,1.0,1
5973,10607,1,2,,,,1.0,1
5974,10627,2,2,,,,2.0,1
5975,10612,1,2,2.0,1,1.0,1.0,0
5976,10607,1,2,,,,1.0,1
5977,10622,2,2,,,,2.0,1
5978,10592,1,1,3.0,2,2.0,2.0,1
5979,10617,1,2,,,,1.0,1
5980,10612,1,2,2.0,1,1.0,1.0,0
5981,10617,1,2,,,,1.0,1
5982,10617,1,2,,,,1.0,1
5983,10627,2,2,,,,2.0,1
5984,10597,1,2,1.0,1,2.0,1.0,1
5985,10612,1,2,2.0,1,1.0,1.0,0
5986,10602,1,2,1.0,1,2.0,1.0,1
5987,10607,1,2,,,,1.0,1
5988,10617,1,2,,,,1.0,1
5989,10617,1,2,,,,1.0,1
5990,10622,2,2,,,,2.0,1
5991,10592,1,1,3.0,2,2.0,2.0,1
5992,10612,1,2,2.0,1,1.0,1.0,0
5993,10612,1,2,2.0,1,1.0,1.0,0
5994,10602,1,2,1.0,1,2.0,1.0,1
5995,10617,1,2,,,,1.0,1
5996,10627,2,2,,,,2.0,1
5997,10597,1,2,1.0,1,2.0,1.0,1
5998,10597,1,2,1.0,1,2.0,1.0,1
5999,10597,1,2,1.0,1,2.0,1.0,1
6000,10597,1,2,1.0,1,2.0,1.0,1
6001,10597,1,2,1.0,1,2.0,1.0,1
6002,10617,1,2,,,,1.0,1
6003,10612,1,2,2.0,1,1.0,1.0,0
6004,10597,1,2,1.0,1,2.0,1.0,1
6005,10592,1,1,3.0,2,2.0,2.0,1
6006,10607,1,2,,,,1.0,1
6007,10627,2,2,,,,2.0,1
6008,10627,2,2,,,,2.0,1
6009,10627,2,2,,,,2.0,1
6010,10592,1,1,3.0,2,2.0,2.0,1
6011,10597,1,2,1.0,1,2.0,1.0,1
6012,10597,1,2,1.0,1,2.0,1.0,1
6013,10592,1,1,3.0,2,2.0,2.0,1
6014,10612,1,2,2.0,1,1.0,1.0,0
6015,10612,1,2,2.0,1,1.0,1.0,0
6016,10597,1,2,1.0,1,2.0,1.0,1
6017,10607,1,2,,,,1.0,1
6018,10607,1,2,,,,1.0,1
6019,10597,1,2,1.0,1,2.0,1.0,1
6020,10627,2,2,,,,2.0,1
6021,10597,1,2,1.0,1,2.0,1.0,1
6022,10597,1,2,1.0,1,2.0,1.0,1
6023,10612,1,2,2.0,1,1.0,1.0,0
6024,10622,2,2,,,,2.0,1
6025,10622,2,2,,,,2.0,1
6026,10622,2,2,,,,2.0,1
6027,10622,2,2,,,,2.0,1
6028,10622,2,2,,,,2.0,1
6029,10622,2,2,,,,2.0,1
6030,10622,2,2,,,,2.0,1
6031,10622,2,2,,,,2.0,1
6032,10622,2,2,,,,2.0,1
6033,10627,2,2,,,,2.0,1
6034,10627,2,2,,,,2.0,1
6035,10612,1,2,2.0,1,1.0,1.0,0
6036,10592,1,1,3.0,2,2.0,2.0,1
6037,10592,1,1,3.0,2,2.0,2.0,1
6038,10592,1,1,3.0,2,2.0,2.0,1
6039,10597,1,2,1.0,1,2.0,1.0,1
6040,10627,2,2,,,,2.0,1
6041,10622,2,2,,,,2.0,1
6042,10607,1,2,,,,1.0,1
6043,10597,1,2,1.0,1,2.0,1.0,1
6044,10617,1,2,,,,1.0,1
6045,10617,1,2,,,,1.0,1
6046,10617,1,2,,,,1.0,1
6047,10597,1,2,1.0,1,2.0,1.0,1
6048,10592,1,1,3.0,4,1.0,1.0,1
6049,10602,1,2,3.0,4,1.0,1.0,0
6050,10612,1,2,3.0,3,1.0,1.0,0
6051,10597,1,2,1.0,1,2.0,1.0,1
6052,10597,2,2,2.0,4,2.0,1.0,0
6053,10597,1,1,1.0,2,1.0,1.0,1
6054,10597,1,1,1.0,4,1.0,2.0,1
6055,10602,1,2,1.0,1,2.0,1.0,1
6056,10592,1,1,3.0,2,2.0,2.0,1
6057,10592,1,1,3.0,3,1.0,2.0,1
6058,10612,1,2,2.0,1,1.0,1.0,0
6059,10612,2,1,1.0,1,2.0,1.0,1
6060,10592,1,2,4.0,"System complexity (hard for front-office secretaries & admins to understand & maneuver), Lack of robustness (inability to handle & process big data instantaneously), Outdated Information Management systems.",1.0,1.0, Yes
6061,10607,1,2,,,,1.0,1
6062,10617,1,2,,,,1.0,1
6063,10622,2,2,,,,2.0,1
6064,10627,2,2,,,,2.0,1
6065,10592,1,1,3.0,2,2.0,2.0,1
6066,10592,1,1,3.0,3,1.0,2.0,1
6067,10592,1,1,3.0,2,2.0,2.0,1
6068,10592,1,1,3.0,3,1.0,2.0,1
6069,10592,1,1,3.0,2,2.0,2.0,1
6070,10592,1,1,3.0,3,1.0,2.0,1
6071,10612,1,2,2.0,1,1.0,1.0,0
6072,10592,1,1,3.0,4,1.0,1.0,1
6073,10597,1,2,1.0,1,2.0,1.0,1
6074,10592,1,1,3.0,2,2.0,2.0,1
6075,10592,1,1,3.0,3,1.0,2.0,1
6076,10617,1,2,,,,1.0,1
6077,10602,1,2,1.0,1,2.0,1.0,1
6078,10602,1,2,1.0,1,2.0,1.0,1
6079,10622,2,2,,,,2.0,1
6080,10617,1,2,,,,1.0,1
6081,10622,2,2,,,,2.0,1
6082,10602,1,2,1.0,1,2.0,1.0,1
6083,10617,1,2,,,,1.0,1
6084,10592,1,1,3.0,2,2.0,2.0,1
6085,10607,1,2,,,,1.0,1
6086,10592,1,1,3.0,3,1.0,2.0,1
6087,10627,2,2,,,,2.0,1
6088,10617,1,2,,,,1.0,1
6089,10592,1,1,3.0,3,1.0,2.0,1
6090,10592,1,1,3.0,3,1.0,2.0,1
6091,10612,1,2,2.0,1,1.0,1.0,0
6092,10597,1,2,1.0,1,2.0,1.0,1
6093,10592,1,1,3.0,3,1.0,2.0,1
6094,10622,2,2,,,,2.0,1
6095,10622,2,2,,,,2.0,1
6096,10607,1,2,,,,1.0,1
6097,10592,1,1,3.0,3,1.0,2.0,1
6098,10622,2,2,,,,2.0,1
6099,10597,1,2,1.0,1,2.0,1.0,1
6100,10617,1,2,,,,1.0,1
6101,10602,1,2,1.0,1,2.0,1.0,1
6102,10617,1,2,,,,1.0,1
6103,10622,2,2,,,,2.0,1
6104,10592,1,1,3.0,2,2.0,2.0,1
6105,10607,1,2,,,,1.0,1
6106,10627,2,2,,,,2.0,1
6107,10627,2,2,,,,2.0,1
6108,10592,1,1,3.0,4,1.0,1.0,1
6109,10627,2,2,,,,2.0,1
6110,10612,1,2,2.0,1,1.0,1.0,0
6111,10592,1,1,3.0,4,1.0,1.0,1
6112,10592,1,1,3.0,4,1.0,1.0,1
6113,10617,1,2,,,,1.0,1
6114,10602,1,2,1.0,1,2.0,1.0,1
6115,10627,2,2,,,,2.0,1
6116,10592,1,1,3.0,2,2.0,2.0,1
6117,10607,1,2,,,,1.0,1
6118,10592,1,1,3.0,2,2.0,2.0,1
6119,10607,1,2,,,,1.0,1
6120,10607,1,2,,,,1.0,1
6121,10612,1,2,2.0,1,1.0,1.0,0
6122,10592,1,1,3.0,2,2.0,2.0,1
6123,10627,2,2,,,,2.0,1
6124,10612,1,2,2.0,1,1.0,1.0,0
6125,10612,1,2,2.0,1,1.0,1.0,0
6126,10602,1,2,1.0,1,2.0,1.0,1
6127,10617,1,2,,,,1.0,1
6128,10602,1,2,1.0,1,2.0,1.0,1
6129,10612,1,2,2.0,1,1.0,1.0,0
6130,10627,2,2,,,,2.0,1
6131,10612,1,2,2.0,1,1.0,1.0,0
6132,10617,1,2,,,,1.0,1
6133,10602,1,2,1.0,1,2.0,1.0,1
6134,10602,1,2,1.0,1,2.0,1.0,1
6135,10612,1,2,2.0,1,1.0,1.0,0
6136,10597,1,2,1.0,1,2.0,1.0,1
6137,10597,1,2,1.0,1,2.0,1.0,1
6138,10607,1,2,,,,1.0,1
6139,10597,1,2,1.0,1,2.0,1.0,1
6140,10607,1,2,,,,1.0,1
6141,10597,1,2,1.0,1,2.0,1.0,1
6142,10607,1,2,,,,1.0,1
6143,10602,1,2,1.0,1,2.0,1.0,1
6144,10607,1,2,,,,1.0,1
6145,10627,2,2,,,,2.0,1
6146,10612,1,2,2.0,1,1.0,1.0,0
6147,10607,1,2,,,,1.0,1
6148,10622,2,2,,,,2.0,1
6149,10592,1,1,3.0,2,2.0,2.0,1
6150,10617,1,2,,,,1.0,1
6151,10612,1,2,2.0,1,1.0,1.0,0
6152,10617,1,2,,,,1.0,1
6153,10617,1,2,,,,1.0,1
6154,10627,2,2,,,,2.0,1
6155,10597,1,2,1.0,1,2.0,1.0,1
6156,10612,1,2,2.0,1,1.0,1.0,0
6157,10602,1,2,1.0,1,2.0,1.0,1
6158,10607,1,2,,,,1.0,1
6159,10617,1,2,,,,1.0,1
6160,10617,1,2,,,,1.0,1
6161,10622,2,2,,,,2.0,1
6162,10592,1,1,3.0,2,2.0,2.0,1
6163,10612,1,2,2.0,1,1.0,1.0,0
6164,10612,1,2,2.0,1,1.0,1.0,0
6165,10602,1,2,1.0,1,2.0,1.0,1
6166,10617,1,2,,,,1.0,1
6167,10627,2,2,,,,2.0,1
6168,10597,1,2,1.0,1,2.0,1.0,1
6169,10597,1,2,1.0,1,2.0,1.0,1
6170,10597,1,2,1.0,1,2.0,1.0,1
6171,10597,1,2,1.0,1,2.0,1.0,1
6172,10597,1,2,1.0,1,2.0,1.0,1
6173,10617,1,2,,,,1.0,1
6174,10612,1,2,2.0,1,1.0,1.0,0
6175,10597,1,2,1.0,1,2.0,1.0,1
6176,10592,1,1,3.0,2,2.0,2.0,1
6177,10607,1,2,,,,1.0,1
6178,10627,2,2,,,,2.0,1
6179,10627,2,2,,,,2.0,1
6180,10627,2,2,,,,2.0,1
6181,10592,1,1,3.0,2,2.0,2.0,1
6182,10597,1,2,1.0,1,2.0,1.0,1
6183,10597,1,2,1.0,1,2.0,1.0,1
6184,10592,1,1,3.0,2,2.0,2.0,1
6185,10612,1,2,2.0,1,1.0,1.0,0
6186,10612,1,2,2.0,1,1.0,1.0,0
6187,10597,1,2,1.0,1,2.0,1.0,1
6188,10607,1,2,,,,1.0,1
6189,10607,1,2,,,,1.0,1
6190,10597,1,2,1.0,1,2.0,1.0,1
6191,10627,2,2,,,,2.0,1
6192,10597,1,2,1.0,1,2.0,1.0,1
6193,10597,1,2,1.0,1,2.0,1.0,1
6194,10612,1,2,2.0,1,1.0,1.0,0
6195,10622,2,2,,,,2.0,1
6196,10622,2,2,,,,2.0,1
6197,10622,2,2,,,,2.0,1
6198,10622,2,2,,,,2.0,1
6199,10622,2,2,,,,2.0,1
6200,10622,2,2,,,,2.0,1
6201,10622,2,2,,,,2.0,1
6202,10622,2,2,,,,2.0,1
6203,10622,2,2,,,,2.0,1
6204,10627,2,2,,,,2.0,1
6205,10627,2,2,,,,2.0,1
6206,10612,1,2,2.0,1,1.0,1.0,0
6207,10592,1,1,3.0,2,2.0,2.0,1
6208,10592,1,1,3.0,2,2.0,2.0,1
6209,10592,1,1,3.0,2,2.0,2.0,1
6210,10597,1,2,1.0,1,2.0,1.0,1
6211,10627,2,2,,,,2.0,1
6212,10622,2,2,,,,2.0,1
6213,10607,1,2,,,,1.0,1
6214,10597,1,2,1.0,1,2.0,1.0,1
6215,10617,1,2,,,,1.0,1
6216,10617,1,2,,,,1.0,1
6217,10617,1,2,,,,1.0,1
6218,10597,1,2,1.0,1,2.0,1.0,1
6219,10592,1,1,3.0,4,1.0,1.0,1
6220,10592,1,1,3.0,4,1.0,1.0,1
6221,10592,1,1,3.0,4,1.0,1.0,1
6222,10592,1,1,3.0,4,1.0,1.0,1
6223,10592,1,1,3.0,4,1.0,1.0,1
6224,10592,1,1,3.0,4,1.0,1.0,1
6225,10602,1,2,3.0,4,1.0,1.0,0
6226,10612,1,2,3.0,3,1.0,1.0,0
6227,10597,1,2,1.0,1,2.0,1.0,1
6228,10597,2,2,2.0,4,2.0,1.0,0
6229,10597,1,1,1.0,2,1.0,1.0,1
6230,10597,1,1,1.0,4,1.0,2.0,1
6231,10602,1,2,1.0,1,2.0,1.0,1
6232,10592,1,1,3.0,2,2.0,2.0,1
6233,10592,1,1,3.0,3,1.0,2.0,1
6234,10612,1,2,2.0,1,1.0,1.0,0
6235,10612,2,1,1.0,1,2.0,1.0,1
6236,10592,1,2,4.0,"System complexity (hard for front-office secretaries & admins to understand & maneuver), Lack of robustness (inability to handle & process big data instantaneously), Outdated Information Management systems.",1.0,1.0, Yes
6237,10607,1,2,,,,1.0,1
6238,10617,1,2,,,,1.0,1
6239,10622,2,2,,,,2.0,1
6240,10627,2,2,,,,2.0,1
6241,10592,1,1,3.0,2,2.0,2.0,1
6242,10592,1,1,3.0,3,1.0,2.0,1
6243,10592,1,1,3.0,2,2.0,2.0,1
6244,10592,1,1,3.0,3,1.0,2.0,1
6245,10592,1,1,3.0,2,2.0,2.0,1
6246,10592,1,1,3.0,3,1.0,2.0,1
6247,10612,1,2,2.0,1,1.0,1.0,0
6248,10592,1,1,3.0,4,1.0,1.0,1
6249,10597,1,2,1.0,1,2.0,1.0,1
6250,10592,1,1,3.0,2,2.0,2.0,1
6251,10592,1,1,3.0,3,1.0,2.0,1
6252,10617,1,2,,,,1.0,1
6253,10602,1,2,1.0,1,2.0,1.0,1
6254,10602,1,2,1.0,1,2.0,1.0,1
6255,10622,2,2,,,,2.0,1
6256,10617,1,2,,,,1.0,1
6257,10622,2,2,,,,2.0,1
6258,10602,1,2,1.0,1,2.0,1.0,1
6259,10617,1,2,,,,1.0,1
6260,10592,1,1,3.0,2,2.0,2.0,1
6261,10607,1,2,,,,1.0,1
6262,10592,1,1,3.0,3,1.0,2.0,1
6263,10627,2,2,,,,2.0,1
6264,10617,1,2,,,,1.0,1
6265,10592,1,1,3.0,3,1.0,2.0,1
6266,10592,1,1,3.0,3,1.0,2.0,1
6267,10612,1,2,2.0,1,1.0,1.0,0
6268,10597,1,2,1.0,1,2.0,1.0,1
6269,10592,1,1,3.0,3,1.0,2.0,1
6270,10622,2,2,,,,2.0,1
6271,10622,2,2,,,,2.0,1
6272,10607,1,2,,,,1.0,1
6273,10592,1,1,3.0,3,1.0,2.0,1
6274,10622,2,2,,,,2.0,1
6275,10597,1,2,1.0,1,2.0,1.0,1
6276,10617,1,2,,,,1.0,1
6277,10602,1,2,1.0,1,2.0,1.0,1
6278,10617,1,2,,,,1.0,1
6279,10622,2,2,,,,2.0,1
6280,10592,1,1,3.0,2,2.0,2.0,1
6281,10607,1,2,,,,1.0,1
6282,10627,2,2,,,,2.0,1
6283,10627,2,2,,,,2.0,1
6284,10592,1,1,3.0,4,1.0,1.0,1
6285,10627,2,2,,,,2.0,1
6286,10612,1,2,2.0,1,1.0,1.0,0
6287,10592,1,1,3.0,4,1.0,1.0,1
6288,10592,1,1,3.0,4,1.0,1.0,1
6289,10617,1,2,,,,1.0,1
6290,10602,1,2,1.0,1,2.0,1.0,1
6291,10627,2,2,,,,2.0,1
6292,10592,1,1,3.0,2,2.0,2.0,1
6293,10607,1,2,,,,1.0,1
6294,10592,1,1,3.0,2,2.0,2.0,1
6295,10607,1,2,,,,1.0,1
6296,10607,1,2,,,,1.0,1
6297,10612,1,2,2.0,1,1.0,1.0,0
6298,10592,1,1,3.0,2,2.0,2.0,1
6299,10627,2,2,,,,2.0,1
6300,10612,1,2,2.0,1,1.0,1.0,0
6301,10612,1,2,2.0,1,1.0,1.0,0
6302,10602,1,2,1.0,1,2.0,1.0,1
6303,10617,1,2,,,,1.0,1
6304,10602,1,2,1.0,1,2.0,1.0,1
6305,10612,1,2,2.0,1,1.0,1.0,0
6306,10627,2,2,,,,2.0,1
6307,10612,1,2,2.0,1,1.0,1.0,0
6308,10617,1,2,,,,1.0,1
6309,10602,1,2,1.0,1,2.0,1.0,1
6310,10602,1,2,1.0,1,2.0,1.0,1
6311,10612,1,2,2.0,1,1.0,1.0,0
6312,10597,1,2,1.0,1,2.0,1.0,1
6313,10597,1,2,1.0,1,2.0,1.0,1
6314,10607,1,2,,,,1.0,1
6315,10597,1,2,1.0,1,2.0,1.0,1
6316,10607,1,2,,,,1.0,1
6317,10597,1,2,1.0,1,2.0,1.0,1
6318,10607,1,2,,,,1.0,1
6319,10602,1,2,1.0,1,2.0,1.0,1
6320,10607,1,2,,,,1.0,1
6321,10627,2,2,,,,2.0,1
6322,10612,1,2,2.0,1,1.0,1.0,0
6323,10607,1,2,,,,1.0,1
6324,10622,2,2,,,,2.0,1
6325,10592,1,1,3.0,2,2.0,2.0,1
6326,10617,1,2,,,,1.0,1
6327,10612,1,2,2.0,1,1.0,1.0,0
6328,10617,1,2,,,,1.0,1
6329,10617,1,2,,,,1.0,1
6330,10627,2,2,,,,2.0,1
6331,10597,1,2,1.0,1,2.0,1.0,1
6332,10612,1,2,2.0,1,1.0,1.0,0
6333,10602,1,2,1.0,1,2.0,1.0,1
6334,10607,1,2,,,,1.0,1
6335,10617,1,2,,,,1.0,1
6336,10617,1,2,,,,1.0,1
6337,10622,2,2,,,,2.0,1
6338,10592,1,1,3.0,2,2.0,2.0,1
6339,10612,1,2,2.0,1,1.0,1.0,0
6340,10612,1,2,2.0,1,1.0,1.0,0
6341,10602,1,2,1.0,1,2.0,1.0,1
6342,10617,1,2,,,,1.0,1
6343,10627,2,2,,,,2.0,1
6344,10597,1,2,1.0,1,2.0,1.0,1
6345,10597,1,2,1.0,1,2.0,1.0,1
6346,10597,1,2,1.0,1,2.0,1.0,1
6347,10597,1,2,1.0,1,2.0,1.0,1
6348,10597,1,2,1.0,1,2.0,1.0,1
6349,10617,1,2,,,,1.0,1
6350,10612,1,2,2.0,1,1.0,1.0,0
6351,10597,1,2,1.0,1,2.0,1.0,1
6352,10592,1,1,3.0,2,2.0,2.0,1
6353,10607,1,2,,,,1.0,1
6354,10627,2,2,,,,2.0,1
6355,10627,2,2,,,,2.0,1
6356,10627,2,2,,,,2.0,1
6357,10592,1,1,3.0,2,2.0,2.0,1
6358,10597,1,2,1.0,1,2.0,1.0,1
6359,10597,1,2,1.0,1,2.0,1.0,1
6360,10592,1,1,3.0,2,2.0,2.0,1
6361,10612,1,2,2.0,1,1.0,1.0,0
6362,10612,1,2,2.0,1,1.0,1.0,0
6363,10597,1,2,1.0,1,2.0,1.0,1
6364,10607,1,2,,,,1.0,1
6365,10607,1,2,,,,1.0,1
6366,10597,1,2,1.0,1,2.0,1.0,1
6367,10627,2,2,,,,2.0,1
6368,10597,1,2,1.0,1,2.0,1.0,1
6369,10597,1,2,1.0,1,2.0,1.0,1
6370,10612,1,2,2.0,1,1.0,1.0,0
6371,10622,2,2,,,,2.0,1
6372,10622,2,2,,,,2.0,1
6373,10622,2,2,,,,2.0,1
6374,10622,2,2,,,,2.0,1
6375,10622,2,2,,,,2.0,1
6376,10622,2,2,,,,2.0,1
6377,10622,2,2,,,,2.0,1
6378,10622,2,2,,,,2.0,1
6379,10622,2,2,,,,2.0,1
6380,10627,2,2,,,,2.0,1
6381,10627,2,2,,,,2.0,1
6382,10612,1,2,2.0,1,1.0,1.0,0
6383,10592,1,1,3.0,2,2.0,2.0,1
6384,10592,1,1,3.0,2,2.0,2.0,1
6385,10592,1,1,3.0,2,2.0,2.0,1
6386,10597,1,2,1.0,1,2.0,1.0,1
6387,10627,2,2,,,,2.0,1
6388,10622,2,2,,,,2.0,1
6389,10607,1,2,,,,1.0,1
6390,10597,1,2,1.0,1,2.0,1.0,1
6391,10617,1,2,,,,1.0,1
6392,10617,1,2,,,,1.0,1
6393,10617,1,2,,,,1.0,1
6394,10597,1,2,1.0,1,2.0,1.0,1
6395,10592,1,1,3.0,4,1.0,1.0,1
6396,10602,1,2,3.0,4,1.0,1.0,0
6397,10612,1,2,3.0,3,1.0,1.0,0
6398,10597,1,2,1.0,1,2.0,1.0,1
6399,10597,2,2,2.0,4,2.0,1.0,0
6400,10597,1,1,1.0,2,1.0,1.0,1
6401,10597,1,1,1.0,4,1.0,2.0,1
6402,10602,1,2,1.0,1,2.0,1.0,1
6403,10592,1,1,3.0,2,2.0,2.0,1
6404,10592,1,1,3.0,3,1.0,2.0,1
6405,10612,1,2,2.0,1,1.0,1.0,0
6406,10612,2,1,1.0,1,2.0,1.0,1
6407,10592,1,2,4.0,"System complexity (hard for front-office secretaries & admins to understand & maneuver), Lack of robustness (inability to handle & process big data instantaneously), Outdated Information Management systems.",1.0,1.0, Yes
6408,10607,1,2,,,,1.0,1
6409,10617,1,2,,,,1.0,1
6410,10622,2,2,,,,2.0,1
6411,10627,2,2,,,,2.0,1
6412,10592,1,1,3.0,2,2.0,2.0,1
6413,10592,1,1,3.0,3,1.0,2.0,1
6414,10592,1,1,3.0,2,2.0,2.0,1
6415,10592,1,1,3.0,3,1.0,2.0,1
6416,10592,1,1,3.0,2,2.0,2.0,1
6417,10592,1,1,3.0,3,1.0,2.0,1
6418,10612,1,2,2.0,1,1.0,1.0,0
6419,10592,1,1,3.0,4,1.0,1.0,1
6420,10597,1,2,1.0,1,2.0,1.0,1
6421,10592,1,1,3.0,2,2.0,2.0,1
6422,10592,1,1,3.0,3,1.0,2.0,1
6423,10617,1,2,,,,1.0,1
6424,10602,1,2,1.0,1,2.0,1.0,1
6425,10602,1,2,1.0,1,2.0,1.0,1
6426,10622,2,2,,,,2.0,1
6427,10617,1,2,,,,1.0,1
6428,10622,2,2,,,,2.0,1
6429,10602,1,2,1.0,1,2.0,1.0,1
6430,10617,1,2,,,,1.0,1
6431,10592,1,1,3.0,2,2.0,2.0,1
6432,10607,1,2,,,,1.0,1
6433,10592,1,1,3.0,3,1.0,2.0,1
6434,10627,2,2,,,,2.0,1
6435,10617,1,2,,,,1.0,1
6436,10592,1,1,3.0,3,1.0,2.0,1
6437,10592,1,1,3.0,3,1.0,2.0,1
6438,10612,1,2,2.0,1,1.0,1.0,0
6439,10597,1,2,1.0,1,2.0,1.0,1
6440,10592,1,1,3.0,3,1.0,2.0,1
6441,10622,2,2,,,,2.0,1
6442,10622,2,2,,,,2.0,1
6443,10607,1,2,,,,1.0,1
6444,10592,1,1,3.0,3,1.0,2.0,1
6445,10622,2,2,,,,2.0,1
6446,10597,1,2,1.0,1,2.0,1.0,1
6447,10617,1,2,,,,1.0,1
6448,10602,1,2,1.0,1,2.0,1.0,1
6449,10617,1,2,,,,1.0,1
6450,10622,2,2,,,,2.0,1
6451,10592,1,1,3.0,2,2.0,2.0,1
6452,10607,1,2,,,,1.0,1
6453,10627,2,2,,,,2.0,1
6454,10627,2,2,,,,2.0,1
6455,10592,1,1,3.0,4,1.0,1.0,1
6456,10627,2,2,,,,2.0,1
6457,10612,1,2,2.0,1,1.0,1.0,0
6458,10592,1,1,3.0,4,1.0,1.0,1
6459,10592,1,1,3.0,4,1.0,1.0,1
6460,10617,1,2,,,,1.0,1
6461,10602,1,2,1.0,1,2.0,1.0,1
6462,10627,2,2,,,,2.0,1
6463,10592,1,1,3.0,2,2.0,2.0,1
6464,10607,1,2,,,,1.0,1
6465,10592,1,1,3.0,2,2.0,2.0,1
6466,10607,1,2,,,,1.0,1
6467,10607,1,2,,,,1.0,1
6468,10612,1,2,2.0,1,1.0,1.0,0
6469,10592,1,1,3.0,2,2.0,2.0,1
6470,10627,2,2,,,,2.0,1
6471,10612,1,2,2.0,1,1.0,1.0,0
6472,10612,1,2,2.0,1,1.0,1.0,0
6473,10602,1,2,1.0,1,2.0,1.0,1
6474,10617,1,2,,,,1.0,1
6475,10602,1,2,1.0,1,2.0,1.0,1
6476,10612,1,2,2.0,1,1.0,1.0,0
6477,10627,2,2,,,,2.0,1
6478,10612,1,2,2.0,1,1.0,1.0,0
6479,10617,1,2,,,,1.0,1
6480,10602,1,2,1.0,1,2.0,1.0,1
6481,10602,1,2,1.0,1,2.0,1.0,1
6482,10612,1,2,2.0,1,1.0,1.0,0
6483,10597,1,2,1.0,1,2.0,1.0,1
6484,10597,1,2,1.0,1,2.0,1.0,1
6485,10607,1,2,,,,1.0,1
6486,10597,1,2,1.0,1,2.0,1.0,1
6487,10607,1,2,,,,1.0,1
6488,10597,1,2,1.0,1,2.0,1.0,1
6489,10607,1,2,,,,1.0,1
6490,10602,1,2,1.0,1,2.0,1.0,1
6491,10607,1,2,,,,1.0,1
6492,10627,2,2,,,,2.0,1
6493,10612,1,2,2.0,1,1.0,1.0,0
6494,10607,1,2,,,,1.0,1
6495,10622,2,2,,,,2.0,1
6496,10592,1,1,3.0,2,2.0,2.0,1
6497,10617,1,2,,,,1.0,1
6498,10612,1,2,2.0,1,1.0,1.0,0
6499,10617,1,2,,,,1.0,1
6500,10617,1,2,,,,1.0,1
6501,10627,2,2,,,,2.0,1
6502,10597,1,2,1.0,1,2.0,1.0,1
6503,10612,1,2,2.0,1,1.0,1.0,0
6504,10602,1,2,1.0,1,2.0,1.0,1
6505,10607,1,2,,,,1.0,1
6506,10617,1,2,,,,1.0,1
6507,10617,1,2,,,,1.0,1
6508,10622,2,2,,,,2.0,1
6509,10592,1,1,3.0,2,2.0,2.0,1
6510,10612,1,2,2.0,1,1.0,1.0,0
6511,10612,1,2,2.0,1,1.0,1.0,0
6512,10602,1,2,1.0,1,2.0,1.0,1
6513,10617,1,2,,,,1.0,1
6514,10627,2,2,,,,2.0,1
6515,10597,1,2,1.0,1,2.0,1.0,1
6516,10597,1,2,1.0,1,2.0,1.0,1
6517,10597,1,2,1.0,1,2.0,1.0,1
6518,10597,1,2,1.0,1,2.0,1.0,1
6519,10597,1,2,1.0,1,2.0,1.0,1
6520,10617,1,2,,,,1.0,1
6521,10612,1,2,2.0,1,1.0,1.0,0
6522,10597,1,2,1.0,1,2.0,1.0,1
6523,10592,1,1,3.0,2,2.0,2.0,1
6524,10607,1,2,,,,1.0,1
6525,10627,2,2,,,,2.0,1
6526,10627,2,2,,,,2.0,1
6527,10627,2,2,,,,2.0,1
6528,10592,1,1,3.0,2,2.0,2.0,1
6529,10597,1,2,1.0,1,2.0,1.0,1
6530,10597,1,2,1.0,1,2.0,1.0,1
6531,10592,1,1,3.0,2,2.0,2.0,1
6532,10612,1,2,2.0,1,1.0,1.0,0
6533,10612,1,2,2.0,1,1.0,1.0,0
6534,10597,1,2,1.0,1,2.0,1.0,1
6535,10607,1,2,,,,1.0,1
6536,10607,1,2,,,,1.0,1
6537,10597,1,2,1.0,1,2.0,1.0,1
6538,10627,2,2,,,,2.0,1
6539,10597,1,2,1.0,1,2.0,1.0,1
6540,10597,1,2,1.0,1,2.0,1.0,1
6541,10612,1,2,2.0,1,1.0,1.0,0
6542,10622,2,2,,,,2.0,1
6543,10622,2,2,,,,2.0,1
6544,10622,2,2,,,,2.0,1
6545,10622,2,2,,,,2.0,1
6546,10622,2,2,,,,2.0,1
6547,10622,2,2,,,,2.0,1
6548,10622,2,2,,,,2.0,1
6549,10622,2,2,,,,2.0,1
6550,10622,2,2,,,,2.0,1
6551,10627,2,2,,,,2.0,1
6552,10627,2,2,,,,2.0,1
6553,10612,1,2,2.0,1,1.0,1.0,0
6554,10592,1,1,3.0,2,2.0,2.0,1
6555,10592,1,1,3.0,2,2.0,2.0,1
6556,10592,1,1,3.0,2,2.0,2.0,1
6557,10597,1,2,1.0,1,2.0,1.0,1
6558,10627,2,2,,,,2.0,1
6559,10622,2,2,,,,2.0,1
6560,10592,1,1,3.0,4,1.0,1.0,Yes 
6561,10602,1,2,3.0,4,1.0,1.0,0
6562,10612,1,2,3.0,3,1.0,1.0,0
6563,10597,1,2,1.0,1,2.0,1.0,1
6564,10597,2,2,2.0,4,2.0,1.0,0
6565,10597,1,1,1.0,2,1.0,1.0,1
6566,10597,1,1,1.0,4,1.0,2.0,1
6567,10602,1,2,1.0,1,2.0,1.0,1
6568,10592,1,1,3.0,2,2.0,2.0,1
6569,10592,1,1,3.0,3,1.0,2.0,1
6570,10612,1,2,2.0,1,1.0,1.0,0
6571,10612,2,1,1.0,1,2.0,1.0,1
6572,10592,1,2,4.0,"System complexity (hard for front-office secretaries & admins to understand & maneuver), Lack of robustness (inability to handle & process big data instantaneously), Outdated Information Management systems.",1.0,1.0,1
6573,10607,1,2,,,,1.0,1
6574,10617,1,2,,,,1.0,1
6575,10622,2,2,,,,2.0,1
6576,10627,2,2,,,,2.0,1
6577,10592,1,1,3.0,2,2.0,2.0,1
6578,10592,1,1,3.0,3,1.0,2.0,1
6579,10592,1,1,3.0,2,2.0,2.0,1
6580,10592,1,1,3.0,3,1.0,2.0,1
6581,10592,1,1,3.0,2,2.0,2.0,1
6582,10592,1,1,3.0,3,1.0,2.0,1
6583,10612,1,2,2.0,1,1.0,1.0,0
6584,10592,1,1,3.0,4,1.0,1.0,1
6585,10597,1,2,1.0,1,2.0,1.0,1
6586,10592,1,1,3.0,2,2.0,2.0,1
6587,10592,1,1,3.0,3,1.0,2.0,1
6588,10617,1,2,,,,1.0,1
6589,10602,1,2,1.0,1,2.0,1.0,1
6590,10602,1,2,1.0,1,2.0,1.0,1
6591,10622,2,2,,,,2.0,1
6592,10617,1,2,,,,1.0,1
6593,10622,2,2,,,,2.0,1
6594,10602,1,2,1.0,1,2.0,1.0,1
6595,10617,1,2,,,,1.0,1
6596,10592,1,1,3.0,2,2.0,2.0,1
6597,10607,1,2,,,,1.0,1
6598,10592,1,1,3.0,3,1.0,2.0,1
6599,10627,2,2,,,,2.0,1
6600,10617,1,2,,,,1.0,1
6601,10592,1,1,3.0,3,1.0,2.0,1
6602,10592,1,1,3.0,3,1.0,2.0,1
6603,10612,1,2,2.0,1,1.0,1.0,0
6604,10597,1,2,1.0,1,2.0,1.0,1
6605,10592,1,1,3.0,3,1.0,2.0,1
6606,10622,2,2,,,,2.0,1
6607,10622,2,2,,,,2.0,1
6608,10607,1,2,,,,1.0,1
6609,10592,1,1,3.0,3,1.0,2.0,1
6610,10622,2,2,,,,2.0,1
6611,10597,1,2,1.0,1,2.0,1.0,1
6612,10617,1,2,,,,1.0,1
6613,10602,1,2,1.0,1,2.0,1.0,1
6614,10617,1,2,,,,1.0,1
6615,10622,2,2,,,,2.0,1
6616,10592,1,1,3.0,2,2.0,2.0,1
6617,10607,1,2,,,,1.0,1
6618,10627,2,2,,,,2.0,1
6619,10627,2,2,,,,2.0,1
6620,10592,1,1,3.0,4,1.0,1.0,1
6621,10627,2,2,,,,2.0,1
6622,10612,1,2,2.0,1,1.0,1.0,0
6623,10592,1,1,3.0,4,1.0,1.0,1
6624,10592,1,1,3.0,4,1.0,1.0,1
6625,10617,1,2,,,,1.0,1
6626,10602,1,2,1.0,1,2.0,1.0,1
6627,10627,2,2,,,,2.0,1
6628,10592,1,1,3.0,2,2.0,2.0,1
6629,10607,1,2,,,,1.0,1
6630,10592,1,1,3.0,2,2.0,2.0,1
6631,10607,1,2,,,,1.0,1
6632,10607,1,2,,,,1.0,1
6633,10612,1,2,2.0,1,1.0,1.0,0
6634,10592,1,1,3.0,2,2.0,2.0,1
6635,10627,2,2,,,,2.0,1
6636,10612,1,2,2.0,1,1.0,1.0,0
6637,10612,1,2,2.0,1,1.0,1.0,0
6638,10602,1,2,1.0,1,2.0,1.0,1
6639,10617,1,2,,,,1.0,1
6640,10602,1,2,1.0,1,2.0,1.0,1
6641,10612,1,2,2.0,1,1.0,1.0,0
6642,10627,2,2,,,,2.0,1
6643,10612,1,2,2.0,1,1.0,1.0,0
6644,10617,1,2,,,,1.0,1
6645,10602,1,2,1.0,1,2.0,1.0,1
6646,10602,1,2,1.0,1,2.0,1.0,1
6647,10612,1,2,2.0,1,1.0,1.0,0
6648,10597,1,2,1.0,1,2.0,1.0,1
6649,10597,1,2,1.0,1,2.0,1.0,1
6650,10607,1,2,,,,1.0,1
6651,10597,1,2,1.0,1,2.0,1.0,1
6652,10607,1,2,,,,1.0,1
6653,10597,1,2,1.0,1,2.0,1.0,1
6654,10607,1,2,,,,1.0,1
6655,10602,1,2,1.0,1,2.0,1.0,1
6656,10607,1,2,,,,1.0,1
6657,10627,2,2,,,,2.0,1
6658,10612,1,2,2.0,1,1.0,1.0,0
6659,10607,1,2,,,,1.0,1
6660,10622,2,2,,,,2.0,1
6661,10592,1,1,3.0,2,2.0,2.0,1
6662,10617,1,2,,,,1.0,1
6663,10612,1,2,2.0,1,1.0,1.0,0
6664,10617,1,2,,,,1.0,1
6665,10617,1,2,,,,1.0,1
6666,10627,2,2,,,,2.0,1
6667,10597,1,2,1.0,1,2.0,1.0,1
6668,10612,1,2,2.0,1,1.0,1.0,0
6669,10602,1,2,1.0,1,2.0,1.0,1
6670,10607,1,2,,,,1.0,1
6671,10617,1,2,,,,1.0,1
6672,10617,1,2,,,,1.0,1
6673,10622,2,2,,,,2.0,1
6674,10592,1,1,3.0,2,2.0,2.0,1
6675,10612,1,2,2.0,1,1.0,1.0,0
6676,10612,1,2,2.0,1,1.0,1.0,0
6677,10602,1,2,1.0,1,2.0,1.0,1
6678,10617,1,2,,,,1.0,1
6679,10627,2,2,,,,2.0,1
6680,10597,1,2,1.0,1,2.0,1.0,1
6681,10597,1,2,1.0,1,2.0,1.0,1
6682,10597,1,2,1.0,1,2.0,1.0,1
6683,10597,1,2,1.0,1,2.0,1.0,1
6684,10597,1,2,1.0,1,2.0,1.0,1
6685,10617,1,2,,,,1.0,1
6686,10612,1,2,2.0,1,1.0,1.0,0
6687,10597,1,2,1.0,1,2.0,1.0,1
6688,10592,1,1,3.0,2,2.0,2.0,1
6689,10607,1,2,,,,1.0,1
6690,10627,2,2,,,,2.0,1
6691,10627,2,2,,,,2.0,1
6692,10627,2,2,,,,2.0,1
6693,10592,1,1,3.0,2,2.0,2.0,1
6694,10597,1,2,1.0,1,2.0,1.0,1
6695,10597,1,2,1.0,1,2.0,1.0,1
6696,10592,1,1,3.0,2,2.0,2.0,1
6697,10612,1,2,2.0,1,1.0,1.0,0
6698,10612,1,2,2.0,1,1.0,1.0,0
6699,10597,1,2,1.0,1,2.0,1.0,1
6700,10607,1,2,,,,1.0,1
6701,10607,1,2,,,,1.0,1
6702,10597,1,2,1.0,1,2.0,1.0,1
6703,10627,2,2,,,,2.0,1
6704,10597,1,2,1.0,1,2.0,1.0,1
6705,10597,1,2,1.0,1,2.0,1.0,1
6706,10612,1,2,2.0,1,1.0,1.0,0
6707,10622,2,2,,,,2.0,1
6708,10622,2,2,,,,2.0,1
6709,10622,2,2,,,,2.0,1
6710,10622,2,2,,,,2.0,1
6711,10622,2,2,,,,2.0,1
6712,10622,2,2,,,,2.0,1
6713,10622,2,2,,,,2.0,1
6714,10622,2,2,,,,2.0,1
6715,10622,2,2,,,,2.0,1
6716,10627,2,2,,,,2.0,1
6717,10627,2,2,,,,2.0,1
6718,10612,1,2,2.0,1,1.0,1.0,0
6719,10592,1,1,3.0,2,2.0,2.0,1
6720,10592,1,1,3.0,2,2.0,2.0,1
6721,10592,1,1,3.0,2,2.0,2.0,1
6722,10597,1,2,1.0,1,2.0,1.0,1
6723,10627,2,2,,,,2.0,1
6724,10622,2,2,,,,2.0,1
6725,10607,1,2,,,,1.0,1
6726,10597,1,2,1.0,1,2.0,1.0,1
6727,10617,1,2,,,,1.0,1
6728,10617,1,2,,,,1.0,1
6729,10617,1,2,,,,1.0,1
6730,10597,1,2,1.0,1,2.0,1.0,1
6731,10592,1,1,3.0,4,1.0,1.0,1
6732,10602,1,2,3.0,4,1.0,1.0,0
6733,10612,1,2,3.0,3,1.0,1.0,0
6734,10597,1,2,1.0,1,2.0,1.0,1
6735,10597,2,2,2.0,4,2.0,1.0,0
6736,10597,1,1,1.0,2,1.0,1.0,1
6737,10597,1,1,1.0,4,1.0,2.0,1
6738,10602,1,2,1.0,1,2.0,1.0,1
6739,10592,1,1,3.0,2,2.0,2.0,1
6740,10592,1,1,3.0,3,1.0,2.0,1
6741,10612,1,2,2.0,1,1.0,1.0,0
6742,10612,2,1,1.0,1,2.0,1.0,1
6743,10592,1,2,4.0,"System complexity (hard for front-office secretaries & admins to understand & maneuver), Lack of robustness (inability to handle & process big data instantaneously), Outdated Information Management systems.",1.0,1.0, Yes
6744,10607,1,2,,,,1.0,1
6745,10617,1,2,,,,1.0,1
6746,10622,2,2,,,,2.0,1
6747,10627,2,2,,,,2.0,1
6748,10592,1,1,3.0,2,2.0,2.0,1
6749,10592,1,1,3.0,3,1.0,2.0,1
6750,10592,1,1,3.0,2,2.0,2.0,1
6751,10592,1,1,3.0,3,1.0,2.0,1
6752,10592,1,1,3.0,2,2.0,2.0,1
6753,10592,1,1,3.0,3,1.0,2.0,1
6754,10612,1,2,2.0,1,1.0,1.0,0
6755,10592,1,1,3.0,4,1.0,1.0,1
6756,10597,1,2,1.0,1,2.0,1.0,1
6757,10592,1,1,3.0,2,2.0,2.0,1
6758,10592,1,1,3.0,3,1.0,2.0,1
6759,10617,1,2,,,,1.0,1
6760,10602,1,2,1.0,1,2.0,1.0,1
6761,10602,1,2,1.0,1,2.0,1.0,1
6762,10622,2,2,,,,2.0,1
6763,10617,1,2,,,,1.0,1
6764,10622,2,2,,,,2.0,1
6765,10602,1,2,1.0,1,2.0,1.0,1
6766,10617,1,2,,,,1.0,1
6767,10592,1,1,3.0,2,2.0,2.0,1
6768,10607,1,2,,,,1.0,1
6769,10592,1,1,3.0,3,1.0,2.0,1
6770,10627,2,2,,,,2.0,1
6771,10617,1,2,,,,1.0,1
6772,10592,1,1,3.0,3,1.0,2.0,1
6773,10592,1,1,3.0,3,1.0,2.0,1
6774,10612,1,2,2.0,1,1.0,1.0,0
6775,10597,1,2,1.0,1,2.0,1.0,1
6776,10592,1,1,3.0,3,1.0,2.0,1
6777,10622,2,2,,,,2.0,1
6778,10622,2,2,,,,2.0,1
6779,10607,1,2,,,,1.0,1
6780,10592,1,1,3.0,3,1.0,2.0,1
6781,10622,2,2,,,,2.0,1
6782,10597,1,2,1.0,1,2.0,1.0,1
6783,10617,1,2,,,,1.0,1
6784,10602,1,2,1.0,1,2.0,1.0,1
6785,10617,1,2,,,,1.0,1
6786,10622,2,2,,,,2.0,1
6787,10592,1,1,3.0,2,2.0,2.0,1
6788,10607,1,2,,,,1.0,1
6789,10627,2,2,,,,2.0,1
6790,10627,2,2,,,,2.0,1
6791,10592,1,1,3.0,4,1.0,1.0,1
6792,10627,2,2,,,,2.0,1
6793,10612,1,2,2.0,1,1.0,1.0,0
6794,10592,1,1,3.0,4,1.0,1.0,1
6795,10592,1,1,3.0,4,1.0,1.0,1
6796,10617,1,2,,,,1.0,1
6797,10602,1,2,1.0,1,2.0,1.0,1
6798,10627,2,2,,,,2.0,1
6799,10592,1,1,3.0,2,2.0,2.0,1
6800,10607,1,2,,,,1.0,1
6801,10592,1,1,3.0,2,2.0,2.0,1
6802,10607,1,2,,,,1.0,1
6803,10607,1,2,,,,1.0,1
6804,10612,1,2,2.0,1,1.0,1.0,0
6805,10592,1,1,3.0,2,2.0,2.0,1
6806,10627,2,2,,,,2.0,1
6807,10612,1,2,2.0,1,1.0,1.0,0
6808,10612,1,2,2.0,1,1.0,1.0,0
6809,10602,1,2,1.0,1,2.0,1.0,1
6810,10617,1,2,,,,1.0,1
6811,10602,1,2,1.0,1,2.0,1.0,1
6812,10612,1,2,2.0,1,1.0,1.0,0
6813,10627,2,2,,,,2.0,1
6814,10612,1,2,2.0,1,1.0,1.0,0
6815,10617,1,2,,,,1.0,1
6816,10602,1,2,1.0,1,2.0,1.0,1
6817,10602,1,2,1.0,1,2.0,1.0,1
6818,10612,1,2,2.0,1,1.0,1.0,0
6819,10597,1,2,1.0,1,2.0,1.0,1
6820,10597,1,2,1.0,1,2.0,1.0,1
6821,10607,1,2,,,,1.0,1
6822,10597,1,2,1.0,1,2.0,1.0,1
6823,10607,1,2,,,,1.0,1
6824,10597,1,2,1.0,1,2.0,1.0,1
6825,10607,1,2,,,,1.0,1
6826,10602,1,2,1.0,1,2.0,1.0,1
6827,10607,1,2,,,,1.0,1
6828,10627,2,2,,,,2.0,1
6829,10612,1,2,2.0,1,1.0,1.0,0
6830,10607,1,2,,,,1.0,1
6831,10622,2,2,,,,2.0,1
6832,10592,1,1,3.0,2,2.0,2.0,1
6833,10617,1,2,,,,1.0,1
6834,10612,1,2,2.0,1,1.0,1.0,0
6835,10617,1,2,,,,1.0,1
6836,10617,1,2,,,,1.0,1
6837,10627,2,2,,,,2.0,1
6838,10597,1,2,1.0,1,2.0,1.0,1
6839,10612,1,2,2.0,1,1.0,1.0,0
6840,10602,1,2,1.0,1,2.0,1.0,1
6841,10607,1,2,,,,1.0,1
6842,10617,1,2,,,,1.0,1
6843,10617,1,2,,,,1.0,1
6844,10622,2,2,,,,2.0,1
6845,10592,1,1,3.0,2,2.0,2.0,1
6846,10612,1,2,2.0,1,1.0,1.0,0
6847,10612,1,2,2.0,1,1.0,1.0,0
6848,10602,1,2,1.0,1,2.0,1.0,1
6849,10617,1,2,,,,1.0,1
6850,10627,2,2,,,,2.0,1
6851,10597,1,2,1.0,1,2.0,1.0,1
6852,10597,1,2,1.0,1,2.0,1.0,1
6853,10597,1,2,1.0,1,2.0,1.0,1
6854,10597,1,2,1.0,1,2.0,1.0,1
6855,10597,1,2,1.0,1,2.0,1.0,1
6856,10617,1,2,,,,1.0,1
6857,10612,1,2,2.0,1,1.0,1.0,0
6858,10597,1,2,1.0,1,2.0,1.0,1
6859,10592,1,1,3.0,2,2.0,2.0,1
6860,10607,1,2,,,,1.0,1
6861,10627,2,2,,,,2.0,1
6862,10627,2,2,,,,2.0,1
6863,10627,2,2,,,,2.0,1
6864,10592,1,1,3.0,2,2.0,2.0,1
6865,10597,1,2,1.0,1,2.0,1.0,1
6866,10597,1,2,1.0,1,2.0,1.0,1
6867,10592,1,1,3.0,2,2.0,2.0,1
6868,10612,1,2,2.0,1,1.0,1.0,0
6869,10612,1,2,2.0,1,1.0,1.0,0
6870,10597,1,2,1.0,1,2.0,1.0,1
6871,10607,1,2,,,,1.0,1
6872,10607,1,2,,,,1.0,1
6873,10597,1,2,1.0,1,2.0,1.0,1
6874,10627,2,2,,,,2.0,1
6875,10597,1,2,1.0,1,2.0,1.0,1
6876,10597,1,2,1.0,1,2.0,1.0,1
6877,10612,1,2,2.0,1,1.0,1.0,0
6878,10622,2,2,,,,2.0,1
6879,10622,2,2,,,,2.0,1
6880,10622,2,2,,,,2.0,1
6881,10622,2,2,,,,2.0,1
6882,10622,2,2,,,,2.0,1
6883,10622,2,2,,,,2.0,1
6884,10622,2,2,,,,2.0,1
6885,10622,2,2,,,,2.0,1
6886,10622,2,2,,,,2.0,1
6887,10627,2,2,,,,2.0,1
6888,10627,2,2,,,,2.0,1
6889,10612,1,2,2.0,1,1.0,1.0,0
6890,10592,1,1,3.0,2,2.0,2.0,1
6891,10592,1,1,3.0,2,2.0,2.0,1
6892,10592,1,1,3.0,2,2.0,2.0,1
6893,10597,1,2,1.0,1,2.0,1.0,1
6894,10627,2,2,,,,2.0,1
6895,10622,2,2,,,,2.0,1
6896,10607,1,2,,,,1.0,1
6897,10597,1,2,1.0,1,2.0,1.0,1
6898,10617,1,2,,,,1.0,1
6899,10617,1,2,,,,1.0,1
6900,10617,1,2,,,,1.0,1
6901,10597,1,2,1.0,1,2.0,1.0,1
6902,10592,1,1,3.0,4,1.0,1.0,1
6903,10602,1,2,3.0,4,1.0,1.0,0
6904,10612,1,2,3.0,3,1.0,1.0,0
6905,10597,1,2,1.0,1,2.0,1.0,1
6906,10597,2,2,2.0,4,2.0,1.0,0
6907,10597,1,1,1.0,2,1.0,1.0,1
6908,10597,1,1,1.0,4,1.0,2.0,1
6909,10602,1,2,1.0,1,2.0,1.0,1
6910,10592,1,1,3.0,2,2.0,2.0,1
6911,10592,1,1,3.0,3,1.0,2.0,1
6912,10612,1,2,2.0,1,1.0,1.0,0
6913,10612,2,1,1.0,1,2.0,1.0,1
6914,10592,1,2,4.0,"System complexity (hard for front-office secretaries & admins to understand & maneuver), Lack of robustness (inability to handle & process big data instantaneously), Outdated Information Management systems.",1.0,1.0, Yes
6915,10607,1,2,,,,1.0,1
6916,10617,1,2,,,,1.0,1
6917,10622,2,2,,,,2.0,1
6918,10627,2,2,,,,2.0,1
6919,10592,1,1,3.0,2,2.0,2.0,1
6920,10592,1,1,3.0,3,1.0,2.0,1
6921,10592,1,1,3.0,2,2.0,2.0,1
6922,10592,1,1,3.0,3,1.0,2.0,1
6923,10592,1,1,3.0,2,2.0,2.0,1
6924,10592,1,1,3.0,3,1.0,2.0,1
6925,10612,1,2,2.0,1,1.0,1.0,0
6926,10592,1,1,3.0,4,1.0,1.0,1
6927,10597,1,2,1.0,1,2.0,1.0,1
6928,10592,1,1,3.0,2,2.0,2.0,1
6929,10592,1,1,3.0,3,1.0,2.0,1
6930,10617,1,2,,,,1.0,1
6931,10602,1,2,1.0,1,2.0,1.0,1
6932,10602,1,2,1.0,1,2.0,1.0,1
6933,10622,2,2,,,,2.0,1
6934,10617,1,2,,,,1.0,1
6935,10622,2,2,,,,2.0,1
6936,10602,1,2,1.0,1,2.0,1.0,1
6937,10617,1,2,,,,1.0,1
6938,10592,1,1,3.0,2,2.0,2.0,1
6939,10607,1,2,,,,1.0,1
6940,10592,1,1,3.0,3,1.0,2.0,1
6941,10627,2,2,,,,2.0,1
6942,10617,1,2,,,,1.0,1
6943,10592,1,1,3.0,3,1.0,2.0,1
6944,10592,1,1,3.0,3,1.0,2.0,1
6945,10612,1,2,2.0,1,1.0,1.0,0
6946,10597,1,2,1.0,1,2.0,1.0,1
6947,10592,1,1,3.0,3,1.0,2.0,1
6948,10622,2,2,,,,2.0,1
6949,10622,2,2,,,,2.0,1
6950,10607,1,2,,,,1.0,1
6951,10592,1,1,3.0,3,1.0,2.0,1
6952,10622,2,2,,,,2.0,1
6953,10597,1,2,1.0,1,2.0,1.0,1
6954,10617,1,2,,,,1.0,1
6955,10602,1,2,1.0,1,2.0,1.0,1
6956,10617,1,2,,,,1.0,1
6957,10622,2,2,,,,2.0,1
6958,10592,1,1,3.0,2,2.0,2.0,1
6959,10607,1,2,,,,1.0,1
6960,10627,2,2,,,,2.0,1
6961,10627,2,2,,,,2.0,1
6962,10592,1,1,3.0,4,1.0,1.0,1
6963,10627,2,2,,,,2.0,1
6964,10612,1,2,2.0,1,1.0,1.0,0
6965,10592,1,1,3.0,4,1.0,1.0,1
6966,10592,1,1,3.0,4,1.0,1.0,1
6967,10617,1,2,,,,1.0,1
6968,10602,1,2,1.0,1,2.0,1.0,1
6969,10627,2,2,,,,2.0,1
6970,10592,1,1,3.0,2,2.0,2.0,1
6971,10607,1,2,,,,1.0,1
6972,10592,1,1,3.0,2,2.0,2.0,1
6973,10607,1,2,,,,1.0,1
6974,10607,1,2,,,,1.0,1
6975,10612,1,2,2.0,1,1.0,1.0,0
6976,10592,1,1,3.0,2,2.0,2.0,1
6977,10627,2,2,,,,2.0,1
6978,10612,1,2,2.0,1,1.0,1.0,0
6979,10612,1,2,2.0,1,1.0,1.0,0
6980,10602,1,2,1.0,1,2.0,1.0,1
6981,10617,1,2,,,,1.0,1
6982,10602,1,2,1.0,1,2.0,1.0,1
6983,10612,1,2,2.0,1,1.0,1.0,0
6984,10627,2,2,,,,2.0,1
6985,10612,1,2,2.0,1,1.0,1.0,0
6986,10617,1,2,,,,1.0,1
6987,10602,1,2,1.0,1,2.0,1.0,1
6988,10602,1,2,1.0,1,2.0,1.0,1
6989,10612,1,2,2.0,1,1.0,1.0,0
6990,10597,1,2,1.0,1,2.0,1.0,1
6991,10597,1,2,1.0,1,2.0,1.0,1
6992,10607,1,2,,,,1.0,1
6993,10597,1,2,1.0,1,2.0,1.0,1
6994,10607,1,2,,,,1.0,1
6995,10597,1,2,1.0,1,2.0,1.0,1
6996,10607,1,2,,,,1.0,1
6997,10602,1,2,1.0,1,2.0,1.0,1
6998,10607,1,2,,,,1.0,1
6999,10627,2,2,,,,2.0,1
7000,10612,1,2,2.0,1,1.0,1.0,0
7001,10607,1,2,,,,1.0,1
7002,10622,2,2,,,,2.0,1
7003,10592,1,1,3.0,2,2.0,2.0,1
7004,10617,1,2,,,,1.0,1
7005,10612,1,2,2.0,1,1.0,1.0,0
7006,10617,1,2,,,,1.0,1
7007,10617,1,2,,,,1.0,1
7008,10627,2,2,,,,2.0,1
7009,10597,1,2,1.0,1,2.0,1.0,1
7010,10612,1,2,2.0,1,1.0,1.0,0
7011,10602,1,2,1.0,1,2.0,1.0,1
7012,10607,1,2,,,,1.0,1
7013,10617,1,2,,,,1.0,1
7014,10617,1,2,,,,1.0,1
7015,10622,2,2,,,,2.0,1
7016,10592,1,1,3.0,2,2.0,2.0,1
7017,10612,1,2,2.0,1,1.0,1.0,0
7018,10612,1,2,2.0,1,1.0,1.0,0
7019,10602,1,2,1.0,1,2.0,1.0,1
7020,10617,1,2,,,,1.0,1
7021,10627,2,2,,,,2.0,1
7022,10597,1,2,1.0,1,2.0,1.0,1
7023,10597,1,2,1.0,1,2.0,1.0,1
7024,10597,1,2,1.0,1,2.0,1.0,1
7025,10597,1,2,1.0,1,2.0,1.0,1
7026,10597,1,2,1.0,1,2.0,1.0,1
7027,10617,1,2,,,,1.0,1
7028,10612,1,2,2.0,1,1.0,1.0,0
7029,10597,1,2,1.0,1,2.0,1.0,1
7030,10592,1,1,3.0,2,2.0,2.0,1
7031,10607,1,2,,,,1.0,1
7032,10627,2,2,,,,2.0,1
7033,10627,2,2,,,,2.0,1
7034,10627,2,2,,,,2.0,1
7035,10592,1,1,3.0,2,2.0,2.0,1
7036,10597,1,2,1.0,1,2.0,1.0,1
7037,10597,1,2,1.0,1,2.0,1.0,1
7038,10592,1,1,3.0,2,2.0,2.0,1
7039,10612,1,2,2.0,1,1.0,1.0,0
7040,10612,1,2,2.0,1,1.0,1.0,0
7041,10597,1,2,1.0,1,2.0,1.0,1
7042,10607,1,2,,,,1.0,1
7043,10607,1,2,,,,1.0,1
7044,10597,1,2,1.0,1,2.0,1.0,1
7045,10627,2,2,,,,2.0,1
7046,10597,1,2,1.0,1,2.0,1.0,1
7047,10597,1,2,1.0,1,2.0,1.0,1
7048,10612,1,2,2.0,1,1.0,1.0,0
7049,10622,2,2,,,,2.0,1
7050,10622,2,2,,,,2.0,1
7051,10622,2,2,,,,2.0,1
7052,10622,2,2,,,,2.0,1
7053,10622,2,2,,,,2.0,1
7054,10622,2,2,,,,2.0,1
7055,10622,2,2,,,,2.0,1
7056,10622,2,2,,,,2.0,1
7057,10622,2,2,,,,2.0,1
7058,10627,2,2,,,,2.0,1
7059,10627,2,2,,,,2.0,1
7060,10612,1,2,2.0,1,1.0,1.0,0
7061,10592,1,1,3.0,2,2.0,2.0,1
7062,10592,1,1,3.0,2,2.0,2.0,1
7063,10592,1,1,3.0,2,2.0,2.0,1
7064,10597,1,2,1.0,1,2.0,1.0,1
7065,10627,2,2,,,,2.0,1
7066,10622,2,2,,,,2.0,1
7067,10607,1,2,,,,1.0,1
7068,10597,1,2,1.0,1,2.0,1.0,1
7069,10617,1,2,,,,1.0,1
7070,10617,1,2,,,,1.0,1
7071,10617,1,2,,,,1.0,1
7072,10597,1,2,1.0,1,2.0,1.0,1
7073,10592,1,1,3.0,4,1.0,1.0,1
7074,10592,1,1,3.0,4,1.0,1.0,1
7075,10592,1,1,3.0,4,1.0,1.0,1
7076,10592,1,1,3.0,4,1.0,1.0,1
7077,10592,1,1,3.0,4,1.0,1.0,1
7078,10592,1,1,3.0,4,1.0,1.0,1
7079,10602,1,2,3.0,4,1.0,1.0,0
7080,10612,1,2,3.0,3,1.0,1.0,0
7081,10597,1,2,1.0,1,2.0,1.0,1
7082,10597,2,2,2.0,4,2.0,1.0,0
7083,10597,1,1,1.0,2,1.0,1.0,1
7084,10597,1,1,1.0,4,1.0,2.0,1
7085,10602,1,2,1.0,1,2.0,1.0,1
7086,10592,1,1,3.0,2,2.0,2.0,1
7087,10592,1,1,3.0,3,1.0,2.0,1
7088,10612,1,2,2.0,1,1.0,1.0,0
7089,10612,2,1,1.0,1,2.0,1.0,1
7090,10592,1,2,4.0,"System complexity (hard for front-office secretaries & admins to understand & maneuver), Lack of robustness (inability to handle & process big data instantaneously), Outdated Information Management systems.",1.0,1.0, Yes
7091,10607,1,2,,,,1.0,1
7092,10617,1,2,,,,1.0,1
7093,10622,2,2,,,,2.0,1
7094,10627,2,2,,,,2.0,1
7095,10592,1,1,3.0,2,2.0,2.0,1
7096,10592,1,1,3.0,3,1.0,2.0,1
7097,10592,1,1,3.0,2,2.0,2.0,1
7098,10592,1,1,3.0,3,1.0,2.0,1
7099,10592,1,1,3.0,2,2.0,2.0,1
7100,10592,1,1,3.0,3,1.0,2.0,1
7101,10612,1,2,2.0,1,1.0,1.0,0
7102,10592,1,1,3.0,4,1.0,1.0,1
7103,10597,1,2,1.0,1,2.0,1.0,1
7104,10592,1,1,3.0,2,2.0,2.0,1
7105,10592,1,1,3.0,3,1.0,2.0,1
7106,10617,1,2,,,,1.0,1
7107,10602,1,2,1.0,1,2.0,1.0,1
7108,10602,1,2,1.0,1,2.0,1.0,1
7109,10622,2,2,,,,2.0,1
7110,10617,1,2,,,,1.0,1
7111,10622,2,2,,,,2.0,1
7112,10602,1,2,1.0,1,2.0,1.0,1
7113,10617,1,2,,,,1.0,1
7114,10592,1,1,3.0,2,2.0,2.0,1
7115,10607,1,2,,,,1.0,1
7116,10592,1,1,3.0,3,1.0,2.0,1
7117,10627,2,2,,,,2.0,1
7118,10617,1,2,,,,1.0,1
7119,10592,1,1,3.0,3,1.0,2.0,1
7120,10592,1,1,3.0,3,1.0,2.0,1
7121,10612,1,2,2.0,1,1.0,1.0,0
7122,10597,1,2,1.0,1,2.0,1.0,1
7123,10592,1,1,3.0,3,1.0,2.0,1
7124,10622,2,2,,,,2.0,1
7125,10622,2,2,,,,2.0,1
7126,10607,1,2,,,,1.0,1
7127,10592,1,1,3.0,3,1.0,2.0,1
7128,10622,2,2,,,,2.0,1
7129,10597,1,2,1.0,1,2.0,1.0,1
7130,10617,1,2,,,,1.0,1
7131,10602,1,2,1.0,1,2.0,1.0,1
7132,10617,1,2,,,,1.0,1
7133,10622,2,2,,,,2.0,1
7134,10592,1,1,3.0,2,2.0,2.0,1
7135,10607,1,2,,,,1.0,1
7136,10627,2,2,,,,2.0,1
7137,10627,2,2,,,,2.0,1
7138,10592,1,1,3.0,4,1.0,1.0,1
7139,10627,2,2,,,,2.0,1
7140,10612,1,2,2.0,1,1.0,1.0,0
7141,10592,1,1,3.0,4,1.0,1.0,1
7142,10592,1,1,3.0,4,1.0,1.0,1
7143,10617,1,2,,,,1.0,1
7144,10602,1,2,1.0,1,2.0,1.0,1
7145,10627,2,2,,,,2.0,1
7146,10592,1,1,3.0,2,2.0,2.0,1
7147,10607,1,2,,,,1.0,1
7148,10592,1,1,3.0,2,2.0,2.0,1
7149,10607,1,2,,,,1.0,1
7150,10607,1,2,,,,1.0,1
7151,10612,1,2,2.0,1,1.0,1.0,0
7152,10592,1,1,3.0,2,2.0,2.0,1
7153,10627,2,2,,,,2.0,1
7154,10612,1,2,2.0,1,1.0,1.0,0
7155,10612,1,2,2.0,1,1.0,1.0,0
7156,10602,1,2,1.0,1,2.0,1.0,1
7157,10617,1,2,,,,1.0,1
7158,10602,1,2,1.0,1,2.0,1.0,1
7159,10612,1,2,2.0,1,1.0,1.0,0
7160,10627,2,2,,,,2.0,1
7161,10612,1,2,2.0,1,1.0,1.0,0
7162,10617,1,2,,,,1.0,1
7163,10602,1,2,1.0,1,2.0,1.0,1
7164,10602,1,2,1.0,1,2.0,1.0,1
7165,10612,1,2,2.0,1,1.0,1.0,0
7166,10597,1,2,1.0,1,2.0,1.0,1
7167,10597,1,2,1.0,1,2.0,1.0,1
7168,10607,1,2,,,,1.0,1
7169,10597,1,2,1.0,1,2.0,1.0,1
7170,10607,1,2,,,,1.0,1
7171,10597,1,2,1.0,1,2.0,1.0,1
7172,10607,1,2,,,,1.0,1
7173,10602,1,2,1.0,1,2.0,1.0,1
7174,10607,1,2,,,,1.0,1
7175,10627,2,2,,,,2.0,1
7176,10612,1,2,2.0,1,1.0,1.0,0
7177,10607,1,2,,,,1.0,1
7178,10622,2,2,,,,2.0,1
7179,10592,1,1,3.0,2,2.0,2.0,1
7180,10617,1,2,,,,1.0,1
7181,10612,1,2,2.0,1,1.0,1.0,0
7182,10617,1,2,,,,1.0,1
7183,10617,1,2,,,,1.0,1
7184,10627,2,2,,,,2.0,1
7185,10597,1,2,1.0,1,2.0,1.0,1
7186,10612,1,2,2.0,1,1.0,1.0,0
7187,10602,1,2,1.0,1,2.0,1.0,1
7188,10607,1,2,,,,1.0,1
7189,10617,1,2,,,,1.0,1
7190,10617,1,2,,,,1.0,1
7191,10622,2,2,,,,2.0,1
7192,10592,1,1,3.0,2,2.0,2.0,1
7193,10612,1,2,2.0,1,1.0,1.0,0
7194,10612,1,2,2.0,1,1.0,1.0,0
7195,10602,1,2,1.0,1,2.0,1.0,1
7196,10617,1,2,,,,1.0,1
7197,10627,2,2,,,,2.0,1
7198,10597,1,2,1.0,1,2.0,1.0,1
7199,10597,1,2,1.0,1,2.0,1.0,1
7200,10597,1,2,1.0,1,2.0,1.0,1
7201,10597,1,2,1.0,1,2.0,1.0,1
7202,10597,1,2,1.0,1,2.0,1.0,1
7203,10617,1,2,,,,1.0,1
7204,10612,1,2,2.0,1,1.0,1.0,0
7205,10597,1,2,1.0,1,2.0,1.0,1
7206,10592,1,1,3.0,2,2.0,2.0,1
7207,10607,1,2,,,,1.0,1
7208,10627,2,2,,,,2.0,1
7209,10627,2,2,,,,2.0,1
7210,10627,2,2,,,,2.0,1
7211,10592,1,1,3.0,2,2.0,2.0,1
7212,10597,1,2,1.0,1,2.0,1.0,1
7213,10597,1,2,1.0,1,2.0,1.0,1
7214,10592,1,1,3.0,2,2.0,2.0,1
7215,10612,1,2,2.0,1,1.0,1.0,0
7216,10612,1,2,2.0,1,1.0,1.0,0
7217,10597,1,2,1.0,1,2.0,1.0,1
7218,10607,1,2,,,,1.0,1
7219,10607,1,2,,,,1.0,1
7220,10597,1,2,1.0,1,2.0,1.0,1
7221,10627,2,2,,,,2.0,1
7222,10597,1,2,1.0,1,2.0,1.0,1
7223,10597,1,2,1.0,1,2.0,1.0,1
7224,10612,1,2,2.0,1,1.0,1.0,0
7225,10622,2,2,,,,2.0,1
7226,10622,2,2,,,,2.0,1
7227,10622,2,2,,,,2.0,1
7228,10622,2,2,,,,2.0,1
7229,10622,2,2,,,,2.0,1
7230,10622,2,2,,,,2.0,1
7231,10622,2,2,,,,2.0,1
7232,10622,2,2,,,,2.0,1
7233,10622,2,2,,,,2.0,1
7234,10627,2,2,,,,2.0,1
7235,10627,2,2,,,,2.0,1
7236,10612,1,2,2.0,1,1.0,1.0,0
7237,10592,1,1,3.0,2,2.0,2.0,1
7238,10592,1,1,3.0,2,2.0,2.0,1
7239,10592,1,1,3.0,2,2.0,2.0,1
7240,10597,1,2,1.0,1,2.0,1.0,1
7241,10627,2,2,,,,2.0,1
7242,10622,2,2,,,,2.0,1
7243,10607,1,2,,,,1.0,1
7244,10597,1,2,1.0,1,2.0,1.0,1
7245,10617,1,2,,,,1.0,1
7246,10617,1,2,,,,1.0,1
7247,10617,1,2,,,,1.0,1
7248,10597,1,2,1.0,1,2.0,1.0,1
7249,10592,1,1,3.0,4,1.0,1.0,1
7250,10602,1,2,3.0,4,1.0,1.0,0
7251,10612,1,2,3.0,3,1.0,1.0,0
7252,10597,1,2,1.0,1,2.0,1.0,1
7253,10597,2,2,2.0,4,2.0,1.0,0
7254,10597,1,1,1.0,2,1.0,1.0,1
7255,10597,1,1,1.0,4,1.0,2.0,1
7256,10602,1,2,1.0,1,2.0,1.0,1
7257,10592,1,1,3.0,2,2.0,2.0,1
7258,10592,1,1,3.0,3,1.0,2.0,1
7259,10612,1,2,2.0,1,1.0,1.0,0
7260,10612,2,1,1.0,1,2.0,1.0,1
7261,10592,1,2,4.0,"System complexity (hard for front-office secretaries & admins to understand & maneuver), Lack of robustness (inability to handle & process big data instantaneously), Outdated Information Management systems.",1.0,1.0, Yes
7262,10607,1,2,,,,1.0,1
7263,10617,1,2,,,,1.0,1
7264,10622,2,2,,,,2.0,1
7265,10627,2,2,,,,2.0,1
7266,10592,1,1,3.0,2,2.0,2.0,1
7267,10592,1,1,3.0,3,1.0,2.0,1
7268,10592,1,1,3.0,2,2.0,2.0,1
7269,10592,1,1,3.0,3,1.0,2.0,1
7270,10592,1,1,3.0,2,2.0,2.0,1
7271,10592,1,1,3.0,3,1.0,2.0,1
7272,10612,1,2,2.0,1,1.0,1.0,0
7273,10592,1,1,3.0,4,1.0,1.0,1
7274,10597,1,2,1.0,1,2.0,1.0,1
7275,10592,1,1,3.0,2,2.0,2.0,1
7276,10592,1,1,3.0,3,1.0,2.0,1
7277,10617,1,2,,,,1.0,1
7278,10602,1,2,1.0,1,2.0,1.0,1
7279,10602,1,2,1.0,1,2.0,1.0,1
7280,10622,2,2,,,,2.0,1
7281,10617,1,2,,,,1.0,1
7282,10622,2,2,,,,2.0,1
7283,10602,1,2,1.0,1,2.0,1.0,1
7284,10617,1,2,,,,1.0,1
7285,10592,1,1,3.0,2,2.0,2.0,1
7286,10607,1,2,,,,1.0,1
7287,10592,1,1,3.0,3,1.0,2.0,1
7288,10627,2,2,,,,2.0,1
7289,10617,1,2,,,,1.0,1
7290,10592,1,1,3.0,3,1.0,2.0,1
7291,10592,1,1,3.0,3,1.0,2.0,1
7292,10612,1,2,2.0,1,1.0,1.0,0
7293,10597,1,2,1.0,1,2.0,1.0,1
7294,10592,1,1,3.0,3,1.0,2.0,1
7295,10622,2,2,,,,2.0,1
7296,10622,2,2,,,,2.0,1
7297,10607,1,2,,,,1.0,1
7298,10592,1,1,3.0,3,1.0,2.0,1
7299,10622,2,2,,,,2.0,1
7300,10597,1,2,1.0,1,2.0,1.0,1
7301,10617,1,2,,,,1.0,1
7302,10602,1,2,1.0,1,2.0,1.0,1
7303,10617,1,2,,,,1.0,1
7304,10622,2,2,,,,2.0,1
7305,10592,1,1,3.0,2,2.0,2.0,1
7306,10607,1,2,,,,1.0,1
7307,10627,2,2,,,,2.0,1
7308,10627,2,2,,,,2.0,1
7309,10592,1,1,3.0,4,1.0,1.0,1
7310,10627,2,2,,,,2.0,1
7311,10612,1,2,2.0,1,1.0,1.0,0
7312,10592,1,1,3.0,4,1.0,1.0,1
7313,10592,1,1,3.0,4,1.0,1.0,1
7314,10617,1,2,,,,1.0,1
7315,10602,1,2,1.0,1,2.0,1.0,1
7316,10627,2,2,,,,2.0,1
7317,10592,1,1,3.0,2,2.0,2.0,1
7318,10607,1,2,,,,1.0,1
7319,10592,1,1,3.0,2,2.0,2.0,1
7320,10607,1,2,,,,1.0,1
7321,10607,1,2,,,,1.0,1
7322,10612,1,2,2.0,1,1.0,1.0,0
7323,10592,1,1,3.0,2,2.0,2.0,1
7324,10627,2,2,,,,2.0,1
7325,10612,1,2,2.0,1,1.0,1.0,0
7326,10612,1,2,2.0,1,1.0,1.0,0
7327,10602,1,2,1.0,1,2.0,1.0,1
7328,10617,1,2,,,,1.0,1
7329,10602,1,2,1.0,1,2.0,1.0,1
7330,10612,1,2,2.0,1,1.0,1.0,0
7331,10627,2,2,,,,2.0,1
7332,10612,1,2,2.0,1,1.0,1.0,0
7333,10617,1,2,,,,1.0,1
7334,10602,1,2,1.0,1,2.0,1.0,1
7335,10602,1,2,1.0,1,2.0,1.0,1
7336,10612,1,2,2.0,1,1.0,1.0,0
7337,10597,1,2,1.0,1,2.0,1.0,1
7338,10597,1,2,1.0,1,2.0,1.0,1
7339,10607,1,2,,,,1.0,1
7340,10597,1,2,1.0,1,2.0,1.0,1
7341,10607,1,2,,,,1.0,1
7342,10597,1,2,1.0,1,2.0,1.0,1
7343,10607,1,2,,,,1.0,1
7344,10602,1,2,1.0,1,2.0,1.0,1
7345,10607,1,2,,,,1.0,1
7346,10627,2,2,,,,2.0,1
7347,10612,1,2,2.0,1,1.0,1.0,0
7348,10607,1,2,,,,1.0,1
7349,10622,2,2,,,,2.0,1
7350,10592,1,1,3.0,2,2.0,2.0,1
7351,10617,1,2,,,,1.0,1
7352,10612,1,2,2.0,1,1.0,1.0,0
7353,10617,1,2,,,,1.0,1
7354,10617,1,2,,,,1.0,1
7355,10627,2,2,,,,2.0,1
7356,10597,1,2,1.0,1,2.0,1.0,1
7357,10612,1,2,2.0,1,1.0,1.0,0
7358,10602,1,2,1.0,1,2.0,1.0,1
7359,10607,1,2,,,,1.0,1
7360,10617,1,2,,,,1.0,1
7361,10617,1,2,,,,1.0,1
7362,10622,2,2,,,,2.0,1
7363,10592,1,1,3.0,2,2.0,2.0,1
7364,10612,1,2,2.0,1,1.0,1.0,0
7365,10612,1,2,2.0,1,1.0,1.0,0
7366,10602,1,2,1.0,1,2.0,1.0,1
7367,10617,1,2,,,,1.0,1
7368,10627,2,2,,,,2.0,1
7369,10597,1,2,1.0,1,2.0,1.0,1
7370,10597,1,2,1.0,1,2.0,1.0,1
7371,10597,1,2,1.0,1,2.0,1.0,1
7372,10597,1,2,1.0,1,2.0,1.0,1
7373,10597,1,2,1.0,1,2.0,1.0,1
7374,10617,1,2,,,,1.0,1
7375,10612,1,2,2.0,1,1.0,1.0,0
7376,10597,1,2,1.0,1,2.0,1.0,1
7377,10592,1,1,3.0,2,2.0,2.0,1
7378,10607,1,2,,,,1.0,1
7379,10627,2,2,,,,2.0,1
7380,10627,2,2,,,,2.0,1
7381,10627,2,2,,,,2.0,1
7382,10592,1,1,3.0,2,2.0,2.0,1
7383,10597,1,2,1.0,1,2.0,1.0,1
7384,10597,1,2,1.0,1,2.0,1.0,1
7385,10592,1,1,3.0,2,2.0,2.0,1
7386,10612,1,2,2.0,1,1.0,1.0,0
7387,10612,1,2,2.0,1,1.0,1.0,0
7388,10597,1,2,1.0,1,2.0,1.0,1
7389,10607,1,2,,,,1.0,1
7390,10607,1,2,,,,1.0,1
7391,10597,1,2,1.0,1,2.0,1.0,1
7392,10627,2,2,,,,2.0,1
7393,10597,1,2,1.0,1,2.0,1.0,1
7394,10597,1,2,1.0,1,2.0,1.0,1
7395,10612,1,2,2.0,1,1.0,1.0,0
7396,10622,2,2,,,,2.0,1
7397,10622,2,2,,,,2.0,1
7398,10622,2,2,,,,2.0,1
7399,10622,2,2,,,,2.0,1
7400,10622,2,2,,,,2.0,1
7401,10622,2,2,,,,2.0,1
7402,10622,2,2,,,,2.0,1
7403,10622,2,2,,,,2.0,1
7404,10622,2,2,,,,2.0,1
7405,10627,2,2,,,,2.0,1
7406,10627,2,2,,,,2.0,1
7407,10612,1,2,2.0,1,1.0,1.0,0
7408,10592,1,1,3.0,2,2.0,2.0,1
7409,10592,1,1,3.0,2,2.0,2.0,1
7410,10592,1,1,3.0,2,2.0,2.0,1
7411,10597,1,2,1.0,1,2.0,1.0,1
7412,10627,2,2,,,,2.0,1
7413,10622,2,2,,,,2.0,1
7414,10607,1,2,,,,1.0,1
7415,10597,1,2,1.0,1,2.0,1.0,1
7416,10617,1,2,,,,1.0,1
7417,10617,1,2,,,,1.0,1
7418,10617,1,2,,,,1.0,1
7419,10597,1,2,1.0,1,2.0,1.0,1
7420,10592,1,1,3.0,4,1.0,1.0,1
7421,10602,1,2,3.0,4,1.0,1.0,0
7422,10612,1,2,3.0,3,1.0,1.0,0
7423,10597,1,2,1.0,1,2.0,1.0,1
7424,10597,2,2,2.0,4,2.0,1.0,0
7425,10597,1,1,1.0,2,1.0,1.0,1
7426,10597,1,1,1.0,4,1.0,2.0,1
7427,10602,1,2,1.0,1,2.0,1.0,1
7428,10592,1,1,3.0,2,2.0,2.0,1
7429,10592,1,1,3.0,3,1.0,2.0,1
7430,10612,1,2,2.0,1,1.0,1.0,0
7431,10612,2,1,1.0,1,2.0,1.0,1
7432,10592,1,2,4.0,"System complexity (hard for front-office secretaries & admins to understand & maneuver), Lack of robustness (inability to handle & process big data instantaneously), Outdated Information Management systems.",1.0,1.0, Yes
7433,10607,1,2,,,,1.0,0
7434,10617,1,2,,,,1.0,0
7435,10622,2,2,,,,2.0,0
7436,10627,2,2,,,,2.0,0
7437,10592,1,1,3.0,2,2.0,2.0,1
7438,10592,1,1,3.0,3,1.0,2.0,1
7439,10592,1,1,3.0,2,2.0,2.0,1
7440,10592,1,1,3.0,3,1.0,2.0,1
7441,10592,1,1,3.0,2,2.0,2.0,1
7442,10592,1,1,3.0,3,1.0,2.0,1
7443,10612,1,2,2.0,1,1.0,1.0,0
7444,10592,1,1,3.0,4,1.0,1.0,1
7445,10597,1,2,1.0,1,2.0,1.0,0
7446,10592,1,1,3.0,2,2.0,2.0,1
7447,10592,1,1,3.0,3,1.0,2.0,1
7448,10617,1,2,,,,1.0,0
7449,10602,1,2,1.0,1,2.0,1.0,0
7450,10602,1,2,1.0,1,2.0,1.0,0
7451,10622,2,2,,,,2.0,0
7452,10617,1,2,,,,1.0,0
7453,10622,2,2,,,,2.0,0
7454,10602,1,2,1.0,1,2.0,1.0,0
7455,10617,1,2,,,,1.0,0
7456,10592,1,1,3.0,2,2.0,2.0,1
7457,10607,1,2,,,,1.0,0
7458,10592,1,1,3.0,3,1.0,2.0,1
7459,10627,2,2,,,,2.0,0
7460,10617,1,2,,,,1.0,0
7461,10592,1,1,3.0,3,1.0,2.0,1
7462,10592,1,1,3.0,3,1.0,2.0,1
7463,10592,1,1,3.0,4,1.0,1.0,Yes 
7464,10602,1,2,3.0,4,1.0,1.0,0
7465,10612,1,2,3.0,3,1.0,1.0,0
7466,10597,1,2,1.0,1,2.0,1.0,1
7467,10597,2,2,2.0,4,2.0,1.0,0
7468,10597,1,1,1.0,2,1.0,1.0,1
7469,10597,1,1,1.0,4,1.0,2.0,1
7470,10602,1,2,1.0,1,2.0,1.0,1
7471,10592,1,1,3.0,2,2.0,2.0,1
7472,10592,1,1,3.0,3,1.0,2.0,1
7473,10612,1,2,2.0,1,1.0,1.0,0
7474,10612,2,1,1.0,1,2.0,1.0,1
7475,10592,1,2,4.0,"System complexity (hard for front-office secretaries & admins to understand & maneuver), Lack of robustness (inability to handle & process big data instantaneously), Outdated Information Management systems.",1.0,1.0,1
7476,10607,1,2,,,,1.0,0
7477,10617,1,2,,,,1.0,0
7478,10622,2,2,,,,2.0,0
7479,10627,2,2,,,,2.0,0
7480,10592,1,1,3.0,2,2.0,2.0,1
7481,10592,1,1,3.0,3,1.0,2.0,1
7482,10592,1,1,3.0,2,2.0,2.0,1
7483,10592,1,1,3.0,3,1.0,2.0,1
7484,10592,1,1,3.0,2,2.0,2.0,1
7485,10592,1,1,3.0,3,1.0,2.0,1
7486,10612,1,2,2.0,1,1.0,1.0,0
7487,10592,1,1,3.0,4,1.0,1.0,1
7488,10597,1,2,1.0,1,2.0,1.0,0
7489,10592,1,1,3.0,2,2.0,2.0,1
7490,10592,1,1,3.0,3,1.0,2.0,1
7491,10617,1,2,,,,1.0,0
7492,10602,1,2,1.0,1,2.0,1.0,0
7493,10602,1,2,1.0,1,2.0,1.0,0
7494,10622,2,2,,,,2.0,0
7495,10617,1,2,,,,1.0,0
7496,10622,2,2,,,,2.0,0
7497,10602,1,2,1.0,1,2.0,1.0,0
7498,10617,1,2,,,,1.0,0
7499,10592,1,1,3.0,2,2.0,2.0,1
7500,10607,1,2,,,,1.0,0
7501,10592,1,1,3.0,3,1.0,2.0,1
7502,10627,2,2,,,,2.0,0
7503,10617,1,2,,,,1.0,0
7504,10592,1,1,3.0,3,1.0,2.0,1
7505,10592,1,1,3.0,3,1.0,2.0,1
7506,10612,1,2,2.0,1,1.0,1.0,0
7507,10597,1,2,1.0,1,2.0,1.0,0
7508,10592,1,1,3.0,3,1.0,2.0,1
7509,10622,2,2,,,,2.0,0
7510,10622,2,2,,,,2.0,0
7511,10607,1,2,,,,1.0,0
7512,10592,1,1,3.0,3,1.0,2.0,1
7513,10622,2,2,,,,2.0,0
7514,10597,1,2,1.0,1,2.0,1.0,0
7515,10617,1,2,,,,1.0,0
7516,10602,1,2,1.0,1,2.0,1.0,0
7517,10617,1,2,,,,1.0,0
7518,10622,2,2,,,,2.0,0
7519,10592,1,1,3.0,2,2.0,2.0,1
7520,10607,1,2,,,,1.0,0
7521,10627,2,2,,,,2.0,0
7522,10627,2,2,,,,2.0,0
7523,10592,1,1,3.0,4,1.0,1.0,1
7524,10627,2,2,,,,2.0,0
7525,10612,1,2,2.0,1,1.0,1.0,0
7526,10592,1,1,3.0,4,1.0,1.0,1
7527,10592,1,1,3.0,4,1.0,1.0,1
7528,10617,1,2,,,,1.0,0
7529,10602,1,2,1.0,1,2.0,1.0,0
7530,10627,2,2,,,,2.0,0
7531,10592,1,1,3.0,2,2.0,2.0,1
7532,10607,1,2,,,,1.0,0
7533,10592,1,1,3.0,2,2.0,2.0,1
7534,10607,1,2,,,,1.0,0
7535,10607,1,2,,,,1.0,0
7536,10612,1,2,2.0,1,1.0,1.0,0
7537,10592,1,1,3.0,2,2.0,2.0,1
7538,10627,2,2,,,,2.0,0
7539,10612,1,2,2.0,1,1.0,1.0,0
7540,10612,1,2,2.0,1,1.0,1.0,0
7541,10602,1,2,1.0,1,2.0,1.0,0
7542,10617,1,2,,,,1.0,1
7543,10602,1,2,1.0,1,2.0,1.0,1
7544,10612,1,2,2.0,1,1.0,1.0,0
7545,10627,2,2,,,,2.0,1
7546,10612,1,2,2.0,1,1.0,1.0,0
7547,10617,1,2,,,,1.0,1
7548,10602,1,2,1.0,1,2.0,1.0,1
7549,10602,1,2,1.0,1,2.0,1.0,1
7550,10612,1,2,2.0,1,1.0,1.0,0
7551,10597,1,2,1.0,1,2.0,1.0,1
7552,10597,1,2,1.0,1,2.0,1.0,1
7553,10607,1,2,,,,1.0,1
7554,10597,1,2,1.0,1,2.0,1.0,1
7555,10607,1,2,,,,1.0,1
7556,10597,1,2,1.0,1,2.0,1.0,1
7557,10607,1,2,,,,1.0,1
7558,10602,1,2,1.0,1,2.0,1.0,1
7559,10607,1,2,,,,1.0,1
7560,10627,2,2,,,,2.0,1
7561,10612,1,2,2.0,1,1.0,1.0,0
7562,10607,1,2,,,,1.0,1
7563,10622,2,2,,,,2.0,1
7564,10592,1,1,3.0,2,2.0,2.0,1
7565,10617,1,2,,,,1.0,1
7566,10612,1,2,2.0,1,1.0,1.0,0
7567,10617,1,2,,,,1.0,1
7568,10617,1,2,,,,1.0,1
7569,10627,2,2,,,,2.0,1
7570,10597,1,2,1.0,1,2.0,1.0,1
7571,10612,1,2,2.0,1,1.0,1.0,0
7572,10602,1,2,1.0,1,2.0,1.0,1
7573,10607,1,2,,,,1.0,1
7574,10617,1,2,,,,1.0,1
7575,10617,1,2,,,,1.0,1
7576,10622,2,2,,,,2.0,1
7577,10592,1,1,3.0,2,2.0,2.0,1
7578,10612,1,2,2.0,1,1.0,1.0,0
7579,10612,1,2,2.0,1,1.0,1.0,0
7580,10602,1,2,1.0,1,2.0,1.0,1
7581,10617,1,2,,,,1.0,1
7582,10627,2,2,,,,2.0,1
7583,10597,1,2,1.0,1,2.0,1.0,1
7584,10597,1,2,1.0,1,2.0,1.0,1
7585,10597,1,2,1.0,1,2.0,1.0,1
7586,10597,1,2,1.0,1,2.0,1.0,1
7587,10597,1,2,1.0,1,2.0,1.0,1
7588,10617,1,2,,,,1.0,1
7589,10612,1,2,2.0,1,1.0,1.0,0
7590,10597,1,2,1.0,1,2.0,1.0,1
7591,10592,1,1,3.0,2,2.0,2.0,1
7592,10607,1,2,,,,1.0,1
7593,10627,2,2,,,,2.0,1
7594,10627,2,2,,,,2.0,1
7595,10627,2,2,,,,2.0,1
7596,10592,1,1,3.0,2,2.0,2.0,1
7597,10597,1,2,1.0,1,2.0,1.0,1
7598,10597,1,2,1.0,1,2.0,1.0,1
7599,10592,1,1,3.0,2,2.0,2.0,1
7600,10612,1,2,2.0,1,1.0,1.0,0
7601,10612,1,2,2.0,1,1.0,1.0,0
7602,10597,1,2,1.0,1,2.0,1.0,1
7603,10607,1,2,,,,1.0,1
7604,10607,1,2,,,,1.0,1
7605,10597,1,2,1.0,1,2.0,1.0,1
7606,10627,2,2,,,,2.0,1
7607,10597,1,2,1.0,1,2.0,1.0,1
7608,10597,1,2,1.0,1,2.0,1.0,1
7609,10612,1,2,2.0,1,1.0,1.0,0
7610,10622,2,2,,,,2.0,1
7611,10622,2,2,,,,2.0,1
7612,10622,2,2,,,,2.0,1
7613,10622,2,2,,,,2.0,1
7614,10622,2,2,,,,2.0,1
7615,10622,2,2,,,,2.0,1
7616,10622,2,2,,,,2.0,1
7617,10622,2,2,,,,2.0,1
7618,10622,2,2,,,,2.0,1
7619,10627,2,2,,,,2.0,1
7620,10627,2,2,,,,2.0,1
7621,10612,1,2,2.0,1,1.0,1.0,0
7622,10592,1,1,3.0,2,2.0,2.0,1
7623,10592,1,1,3.0,2,2.0,2.0,1
7624,10592,1,1,3.0,2,2.0,2.0,1
7625,10597,1,2,1.0,1,2.0,1.0,1
7626,10627,2,2,,,,2.0,1
7627,10622,2,2,,,,2.0,1
7628,10607,1,2,,,,1.0,1
7629,10597,1,2,1.0,1,2.0,1.0,1
7630,10617,1,2,,,,1.0,1
7631,10617,1,2,,,,1.0,1
7632,10617,1,2,,,,1.0,1
7633,10597,1,2,1.0,1,2.0,1.0,1
7634,10592,1,1,3.0,4,1.0,1.0,1
7635,10602,1,2,3.0,4,1.0,1.0,0
7636,10612,1,2,3.0,3,1.0,1.0,0
7637,10597,1,2,1.0,1,2.0,1.0,1
7638,10597,2,2,2.0,4,2.0,1.0,0
7639,10597,1,1,1.0,2,1.0,1.0,1
7640,10597,1,1,1.0,4,1.0,2.0,1
7641,10602,1,2,1.0,1,2.0,1.0,1
7642,10592,1,1,3.0,2,2.0,2.0,1
7643,10592,1,1,3.0,3,1.0,2.0,1
7644,10612,1,2,2.0,1,1.0,1.0,0
7645,10612,2,1,1.0,1,2.0,1.0,1
7646,10592,1,2,4.0,"System complexity (hard for front-office secretaries & admins to understand & maneuver), Lack of robustness (inability to handle & process big data instantaneously), Outdated Information Management systems.",1.0,1.0, Yes
7647,10607,1,2,,,,1.0,1
7648,10617,1,2,,,,1.0,1
7649,10622,2,2,,,,2.0,1
7650,10627,2,2,,,,2.0,1
7651,10592,1,1,3.0,2,2.0,2.0,1
7652,10592,1,1,3.0,3,1.0,2.0,1
7653,10592,1,1,3.0,2,2.0,2.0,1
7654,10592,1,1,3.0,3,1.0,2.0,1
7655,10592,1,1,3.0,2,2.0,2.0,1
7656,10592,1,1,3.0,3,1.0,2.0,1
7657,10612,1,2,2.0,1,1.0,1.0,0
7658,10592,1,1,3.0,4,1.0,1.0,1
7659,10597,1,2,1.0,1,2.0,1.0,1
7660,10592,1,1,3.0,2,2.0,2.0,1
7661,10592,1,1,3.0,3,1.0,2.0,1
7662,10617,1,2,,,,1.0,1
7663,10602,1,2,1.0,1,2.0,1.0,1
7664,10602,1,2,1.0,1,2.0,1.0,1
7665,10622,2,2,,,,2.0,1
7666,10617,1,2,,,,1.0,1
7667,10622,2,2,,,,2.0,1
7668,10602,1,2,1.0,1,2.0,1.0,1
7669,10617,1,2,,,,1.0,1
7670,10592,1,1,3.0,2,2.0,2.0,1
7671,10607,1,2,,,,1.0,1
7672,10592,1,1,3.0,3,1.0,2.0,1
7673,10627,2,2,,,,2.0,1
7674,10617,1,2,,,,1.0,1
7675,10592,1,1,3.0,3,1.0,2.0,1
7676,10592,1,1,3.0,3,1.0,2.0,1
7677,10612,1,2,2.0,1,1.0,1.0,0
7678,10597,1,2,1.0,1,2.0,1.0,1
7679,10592,1,1,3.0,3,1.0,2.0,1
7680,10622,2,2,,,,2.0,1
7681,10622,2,2,,,,2.0,1
7682,10607,1,2,,,,1.0,1
7683,10592,1,1,3.0,3,1.0,2.0,1
7684,10622,2,2,,,,2.0,1
7685,10597,1,2,1.0,1,2.0,1.0,1
7686,10617,1,2,,,,1.0,1
7687,10602,1,2,1.0,1,2.0,1.0,1
7688,10617,1,2,,,,1.0,1
7689,10622,2,2,,,,2.0,1
7690,10592,1,1,3.0,2,2.0,2.0,1
7691,10607,1,2,,,,1.0,1
7692,10627,2,2,,,,2.0,1
7693,10627,2,2,,,,2.0,1
7694,10592,1,1,3.0,4,1.0,1.0,1
7695,10627,2,2,,,,2.0,1
7696,10612,1,2,2.0,1,1.0,1.0,0
7697,10592,1,1,3.0,4,1.0,1.0,1
7698,10592,1,1,3.0,4,1.0,1.0,1
7699,10617,1,2,,,,1.0,1
7700,10602,1,2,1.0,1,2.0,1.0,1
7701,10627,2,2,,,,2.0,1
7702,10592,1,1,3.0,2,2.0,2.0,1
7703,10607,1,2,,,,1.0,1
7704,10592,1,1,3.0,2,2.0,2.0,1
7705,10607,1,2,,,,1.0,1
7706,10607,1,2,,,,1.0,1
7707,10612,1,2,2.0,1,1.0,1.0,0
7708,10592,1,1,3.0,2,2.0,2.0,1
7709,10627,2,2,,,,2.0,1
7710,10612,1,2,2.0,1,1.0,1.0,0
7711,10612,1,2,2.0,1,1.0,1.0,0
7712,10602,1,2,1.0,1,2.0,1.0,1
7713,10617,1,2,,,,1.0,1
7714,10602,1,2,1.0,1,2.0,1.0,1
7715,10612,1,2,2.0,1,1.0,1.0,0
7716,10627,2,2,,,,2.0,1
7717,10612,1,2,2.0,1,1.0,1.0,0
7718,10617,1,2,,,,1.0,1
7719,10602,1,2,1.0,1,2.0,1.0,1
7720,10602,1,2,1.0,1,2.0,1.0,1
7721,10612,1,2,2.0,1,1.0,1.0,0
7722,10597,1,2,1.0,1,2.0,1.0,1
7723,10597,1,2,1.0,1,2.0,1.0,1
7724,10607,1,2,,,,1.0,1
7725,10597,1,2,1.0,1,2.0,1.0,1
7726,10607,1,2,,,,1.0,1
7727,10597,1,2,1.0,1,2.0,1.0,1
7728,10607,1,2,,,,1.0,1
7729,10602,1,2,1.0,1,2.0,1.0,1
7730,10607,1,2,,,,1.0,1
7731,10627,2,2,,,,2.0,1
7732,10612,1,2,2.0,1,1.0,1.0,0
7733,10607,1,2,,,,1.0,1
7734,10622,2,2,,,,2.0,1
7735,10592,1,1,3.0,2,2.0,2.0,1
7736,10617,1,2,,,,1.0,1
7737,10612,1,2,2.0,1,1.0,1.0,0
7738,10617,1,2,,,,1.0,1
7739,10617,1,2,,,,1.0,1
7740,10627,2,2,,,,2.0,1
7741,10597,1,2,1.0,1,2.0,1.0,1
7742,10612,1,2,2.0,1,1.0,1.0,0
7743,10602,1,2,1.0,1,2.0,1.0,1
7744,10607,1,2,,,,1.0,1
7745,10617,1,2,,,,1.0,1
7746,10617,1,2,,,,1.0,1
7747,10622,2,2,,,,2.0,1
7748,10592,1,1,3.0,2,2.0,2.0,1
7749,10612,1,2,2.0,1,1.0,1.0,0
7750,10612,1,2,2.0,1,1.0,1.0,0
7751,10602,1,2,1.0,1,2.0,1.0,1
7752,10617,1,2,,,,1.0,1
7753,10627,2,2,,,,2.0,1
7754,10597,1,2,1.0,1,2.0,1.0,1
7755,10597,1,2,1.0,1,2.0,1.0,1
7756,10597,1,2,1.0,1,2.0,1.0,1
7757,10597,1,2,1.0,1,2.0,1.0,1
7758,10597,1,2,1.0,1,2.0,1.0,1
7759,10617,1,2,,,,1.0,1
7760,10612,1,2,2.0,1,1.0,1.0,0
7761,10597,1,2,1.0,1,2.0,1.0,1
7762,10592,1,1,3.0,2,2.0,2.0,1
7763,10607,1,2,,,,1.0,1
7764,10627,2,2,,,,2.0,1
7765,10627,2,2,,,,2.0,1
7766,10627,2,2,,,,2.0,1
7767,10592,1,1,3.0,2,2.0,2.0,1
7768,10597,1,2,1.0,1,2.0,1.0,1
7769,10597,1,2,1.0,1,2.0,1.0,1
7770,10592,1,1,3.0,2,2.0,2.0,1
7771,10612,1,2,2.0,1,1.0,1.0,0
7772,10612,1,2,2.0,1,1.0,1.0,0
7773,10597,1,2,1.0,1,2.0,1.0,1
7774,10607,1,2,,,,1.0,1
7775,10607,1,2,,,,1.0,1
7776,10597,1,2,1.0,1,2.0,1.0,1
7777,10627,2,2,,,,2.0,1
7778,10597,1,2,1.0,1,2.0,1.0,1
7779,10597,1,2,1.0,1,2.0,1.0,1
7780,10612,1,2,2.0,1,1.0,1.0,0
7781,10622,2,2,,,,2.0,1
7782,10622,2,2,,,,2.0,1
7783,10622,2,2,,,,2.0,1
7784,10622,2,2,,,,2.0,1
7785,10622,2,2,,,,2.0,1
7786,10622,2,2,,,,2.0,1
7787,10622,2,2,,,,2.0,1
7788,10622,2,2,,,,2.0,1
7789,10622,2,2,,,,2.0,1
7790,10627,2,2,,,,2.0,1
7791,10627,2,2,,,,2.0,1
7792,10612,1,2,2.0,1,1.0,1.0,0
7793,10592,1,1,3.0,2,2.0,2.0,1
7794,10592,1,1,3.0,2,2.0,2.0,1
7795,10592,1,1,3.0,2,2.0,2.0,1
7796,10597,1,2,1.0,1,2.0,1.0,1
7797,10627,2,2,,,,2.0,1
7798,10622,2,2,,,,2.0,1
7799,10607,1,2,,,,1.0,1
7800,10597,1,2,1.0,1,2.0,1.0,1
7801,10617,1,2,,,,1.0,1
7802,10617,1,2,,,,1.0,1
7803,10617,1,2,,,,1.0,1
7804,10597,1,2,1.0,1,2.0,1.0,1
7805,10592,1,1,3.0,4,1.0,1.0,1
7806,10602,1,2,3.0,4,1.0,1.0,0
7807,10612,1,2,3.0,3,1.0,1.0,0
7808,10597,1,2,1.0,1,2.0,1.0,1
7809,10597,2,2,2.0,4,2.0,1.0,0
7810,10597,1,1,1.0,2,1.0,1.0,1
7811,10597,1,1,1.0,4,1.0,2.0,1
7812,10602,1,2,1.0,1,2.0,1.0,1
7813,10592,1,1,3.0,2,2.0,2.0,1
7814,10592,1,1,3.0,3,1.0,2.0,1
7815,10612,1,2,2.0,1,1.0,1.0,0
7816,10612,2,1,1.0,1,2.0,1.0,1
7817,10592,1,2,4.0,"System complexity (hard for front-office secretaries & admins to understand & maneuver), Lack of robustness (inability to handle & process big data instantaneously), Outdated Information Management systems.",1.0,1.0, Yes
7818,10607,1,2,,,,1.0,1
7819,10617,1,2,,,,1.0,1
7820,10622,2,2,,,,2.0,1
7821,10627,2,2,,,,2.0,1
7822,10592,1,1,3.0,2,2.0,2.0,1
7823,10592,1,1,3.0,3,1.0,2.0,1
7824,10592,1,1,3.0,2,2.0,2.0,1
7825,10592,1,1,3.0,3,1.0,2.0,1
7826,10592,1,1,3.0,2,2.0,2.0,1
7827,10592,1,1,3.0,3,1.0,2.0,1
7828,10612,1,2,2.0,1,1.0,1.0,0
7829,10592,1,1,3.0,4,1.0,1.0,1
7830,10597,1,2,1.0,1,2.0,1.0,1
7831,10592,1,1,3.0,2,2.0,2.0,1
7832,10592,1,1,3.0,3,1.0,2.0,1
7833,10617,1,2,,,,1.0,1
7834,10602,1,2,1.0,1,2.0,1.0,1
7835,10602,1,2,1.0,1,2.0,1.0,1
7836,10622,2,2,,,,2.0,1
7837,10617,1,2,,,,1.0,1
7838,10622,2,2,,,,2.0,1
7839,10602,1,2,1.0,1,2.0,1.0,1
7840,10617,1,2,,,,1.0,1
7841,10592,1,1,3.0,2,2.0,2.0,1
7842,10607,1,2,,,,1.0,1
7843,10592,1,1,3.0,3,1.0,2.0,1
7844,10627,2,2,,,,2.0,1
7845,10617,1,2,,,,1.0,1
7846,10592,1,1,3.0,3,1.0,2.0,1
7847,10592,1,1,3.0,3,1.0,2.0,1
7848,10612,1,2,2.0,1,1.0,1.0,0
7849,10597,1,2,1.0,1,2.0,1.0,1
7850,10592,1,1,3.0,3,1.0,2.0,1
7851,10622,2,2,,,,2.0,1
7852,10622,2,2,,,,2.0,1
7853,10607,1,2,,,,1.0,1
7854,10592,1,1,3.0,3,1.0,2.0,1
7855,10622,2,2,,,,2.0,1
7856,10597,1,2,1.0,1,2.0,1.0,1
7857,10617,1,2,,,,1.0,1
7858,10602,1,2,1.0,1,2.0,1.0,1
7859,10617,1,2,,,,1.0,1
7860,10622,2,2,,,,2.0,1
7861,10592,1,1,3.0,2,2.0,2.0,1
7862,10607,1,2,,,,1.0,1
7863,10627,2,2,,,,2.0,1
7864,10627,2,2,,,,2.0,1
7865,10592,1,1,3.0,4,1.0,1.0,1
7866,10627,2,2,,,,2.0,1
7867,10612,1,2,2.0,1,1.0,1.0,0
7868,10592,1,1,3.0,4,1.0,1.0,1
7869,10592,1,1,3.0,4,1.0,1.0,1
7870,10617,1,2,,,,1.0,1
7871,10602,1,2,1.0,1,2.0,1.0,1
7872,10627,2,2,,,,2.0,1
7873,10592,1,1,3.0,2,2.0,2.0,1
7874,10607,1,2,,,,1.0,1
7875,10592,1,1,3.0,2,2.0,2.0,1
7876,10607,1,2,,,,1.0,1
7877,10607,1,2,,,,1.0,1
7878,10612,1,2,2.0,1,1.0,1.0,0
7879,10592,1,1,3.0,2,2.0,2.0,1
7880,10627,2,2,,,,2.0,1
7881,10612,1,2,2.0,1,1.0,1.0,0
7882,10612,1,2,2.0,1,1.0,1.0,0
7883,10602,1,2,1.0,1,2.0,1.0,1
7884,10617,1,2,,,,1.0,1
7885,10602,1,2,1.0,1,2.0,1.0,1
7886,10612,1,2,2.0,1,1.0,1.0,0
7887,10627,2,2,,,,2.0,1
7888,10612,1,2,2.0,1,1.0,1.0,0
7889,10617,1,2,,,,1.0,1
7890,10602,1,2,1.0,1,2.0,1.0,1
7891,10602,1,2,1.0,1,2.0,1.0,1
7892,10612,1,2,2.0,1,1.0,1.0,0
7893,10597,1,2,1.0,1,2.0,1.0,1
7894,10597,1,2,1.0,1,2.0,1.0,1
7895,10607,1,2,,,,1.0,1
7896,10597,1,2,1.0,1,2.0,1.0,1
7897,10607,1,2,,,,1.0,1
7898,10597,1,2,1.0,1,2.0,1.0,1
7899,10607,1,2,,,,1.0,1
7900,10602,1,2,1.0,1,2.0,1.0,1
7901,10607,1,2,,,,1.0,1
7902,10627,2,2,,,,2.0,1
7903,10612,1,2,2.0,1,1.0,1.0,0
7904,10607,1,2,,,,1.0,1
7905,10622,2,2,,,,2.0,1
7906,10592,1,1,3.0,2,2.0,2.0,1
7907,10617,1,2,,,,1.0,1
7908,10612,1,2,2.0,1,1.0,1.0,0
7909,10617,1,2,,,,1.0,1
7910,10617,1,2,,,,1.0,1
7911,10627,2,2,,,,2.0,1
7912,10597,1,2,1.0,1,2.0,1.0,1
7913,10612,1,2,2.0,1,1.0,1.0,0
7914,10602,1,2,1.0,1,2.0,1.0,1
7915,10607,1,2,,,,1.0,1
7916,10617,1,2,,,,1.0,1
7917,10617,1,2,,,,1.0,1
7918,10622,2,2,,,,2.0,1
7919,10592,1,1,3.0,2,2.0,2.0,1
7920,10612,1,2,2.0,1,1.0,1.0,0
7921,10612,1,2,2.0,1,1.0,1.0,0
7922,10602,1,2,1.0,1,2.0,1.0,1
7923,10617,1,2,,,,1.0,1
7924,10627,2,2,,,,2.0,1
7925,10597,1,2,1.0,1,2.0,1.0,1
7926,10597,1,2,1.0,1,2.0,1.0,1
7927,10597,1,2,1.0,1,2.0,1.0,1
7928,10597,1,2,1.0,1,2.0,1.0,1
7929,10597,1,2,1.0,1,2.0,1.0,1
7930,10617,1,2,,,,1.0,1
7931,10612,1,2,2.0,1,1.0,1.0,0
7932,10597,1,2,1.0,1,2.0,1.0,1
7933,10592,1,1,3.0,2,2.0,2.0,1
7934,10607,1,2,,,,1.0,1
7935,10627,2,2,,,,2.0,1
7936,10627,2,2,,,,2.0,1
7937,10627,2,2,,,,2.0,1
7938,10592,1,1,3.0,2,2.0,2.0,1
7939,10597,1,2,1.0,1,2.0,1.0,1
7940,10597,1,2,1.0,1,2.0,1.0,1
7941,10592,1,1,3.0,2,2.0,2.0,1
7942,10612,1,2,2.0,1,1.0,1.0,0
7943,10612,1,2,2.0,1,1.0,1.0,0
7944,10597,1,2,1.0,1,2.0,1.0,1
7945,10607,1,2,,,,1.0,1
7946,10607,1,2,,,,1.0,1
7947,10597,1,2,1.0,1,2.0,1.0,1
7948,10627,2,2,,,,2.0,1
7949,10597,1,2,1.0,1,2.0,1.0,1
7950,10597,1,2,1.0,1,2.0,1.0,1
7951,10612,1,2,2.0,1,1.0,1.0,0
7952,10622,2,2,,,,2.0,1
7953,10622,2,2,,,,2.0,1
7954,10622,2,2,,,,2.0,1
7955,10622,2,2,,,,2.0,1
7956,10622,2,2,,,,2.0,1
7957,10622,2,2,,,,2.0,1
7958,10622,2,2,,,,2.0,1
7959,10622,2,2,,,,2.0,1
7960,10622,2,2,,,,2.0,1
7961,10627,2,2,,,,2.0,1
7962,10627,2,2,,,,2.0,1
7963,10612,1,2,2.0,1,1.0,1.0,0
7964,10592,1,1,3.0,2,2.0,2.0,1
7965,10592,1,1,3.0,2,2.0,2.0,1
7966,10592,1,1,3.0,2,2.0,2.0,1
7967,10597,1,2,1.0,1,2.0,1.0,1
7968,10627,2,2,,,,2.0,1
7969,10622,2,2,,,,2.0,1
7970,10607,1,2,,,,1.0,1
7971,10597,1,2,1.0,1,2.0,1.0,1
7972,10617,1,2,,,,1.0,1
7973,10617,1,2,,,,1.0,1
7974,10617,1,2,,,,1.0,1
7975,10597,1,2,1.0,1,2.0,1.0,1
7976,10592,1,1,3.0,4,1.0,1.0,1
7977,10592,1,1,3.0,4,1.0,1.0,1
7978,10592,1,1,3.0,4,1.0,1.0,1
7979,10592,1,1,3.0,4,1.0,1.0,1
7980,10592,1,1,3.0,4,1.0,1.0,1
7981,10592,1,1,3.0,4,1.0,1.0,1
7982,10602,1,2,3.0,4,1.0,1.0,0
7983,10612,1,2,3.0,3,1.0,1.0,0
7984,10597,1,2,1.0,1,2.0,1.0,1
7985,10597,2,2,2.0,4,2.0,1.0,0
7986,10597,1,1,1.0,2,1.0,1.0,1
7987,10597,1,1,1.0,4,1.0,2.0,1
7988,10602,1,2,1.0,1,2.0,1.0,1
7989,10592,1,1,3.0,2,2.0,2.0,1
7990,10592,1,1,3.0,3,1.0,2.0,1
7991,10612,1,2,2.0,1,1.0,1.0,0
7992,10612,2,1,1.0,1,2.0,1.0,1
7993,10592,1,2,4.0,"System complexity (hard for front-office secretaries & admins to understand & maneuver), Lack of robustness (inability to handle & process big data instantaneously), Outdated Information Management systems.",1.0,1.0, Yes
7994,10607,1,2,,,,1.0,1
7995,10617,1,2,,,,1.0,1
7996,10622,2,2,,,,2.0,1
7997,10627,2,2,,,,2.0,1
7998,10592,1,1,3.0,2,2.0,2.0,1
7999,10592,1,1,3.0,3,1.0,2.0,1
8000,10592,1,1,3.0,2,2.0,2.0,1
8001,10592,1,1,3.0,3,1.0,2.0,1
8002,10592,1,1,3.0,2,2.0,2.0,1
8003,10592,1,1,3.0,3,1.0,2.0,1
8004,10612,1,2,2.0,1,1.0,1.0,0
8005,10592,1,1,3.0,4,1.0,1.0,1
8006,10597,1,2,1.0,1,2.0,1.0,1
8007,10592,1,1,3.0,2,2.0,2.0,1
8008,10592,1,1,3.0,3,1.0,2.0,1
8009,10617,1,2,,,,1.0,1
8010,10602,1,2,1.0,1,2.0,1.0,1
8011,10602,1,2,1.0,1,2.0,1.0,1
8012,10622,2,2,,,,2.0,1
8013,10617,1,2,,,,1.0,1
8014,10622,2,2,,,,2.0,1
8015,10602,1,2,1.0,1,2.0,1.0,1
8016,10617,1,2,,,,1.0,1
8017,10592,1,1,3.0,2,2.0,2.0,1
8018,10607,1,2,,,,1.0,1
8019,10592,1,1,3.0,3,1.0,2.0,1
8020,10627,2,2,,,,2.0,1
8021,10617,1,2,,,,1.0,1
8022,10592,1,1,3.0,3,1.0,2.0,1
8023,10592,1,1,3.0,3,1.0,2.0,1
8024,10612,1,2,2.0,1,1.0,1.0,0
8025,10597,1,2,1.0,1,2.0,1.0,1
8026,10592,1,1,3.0,3,1.0,2.0,1
8027,10622,2,2,,,,2.0,1
8028,10622,2,2,,,,2.0,0
8029,10607,1,2,,,,1.0,0
8030,10592,1,1,3.0,3,1.0,2.0,0
8031,10622,2,2,,,,2.0,0
8032,10597,1,2,1.0,1,2.0,1.0,0
8033,10617,1,2,,,,1.0,1
8034,10602,1,2,1.0,1,2.0,1.0,1
8035,10617,1,2,,,,1.0,1
8036,10622,2,2,,,,2.0,1
8037,10592,1,1,3.0,2,2.0,2.0,1
8038,10607,1,2,,,,1.0,0
8039,10627,2,2,,,,2.0,1
8040,10627,2,2,,,,2.0,1
8041,10592,1,1,3.0,4,1.0,1.0,1
8042,10627,2,2,,,,2.0,1
8043,10612,1,2,2.0,1,1.0,1.0,0
8044,10592,1,1,3.0,4,1.0,1.0,1
8045,10592,1,1,3.0,4,1.0,1.0,1
8046,10617,1,2,,,,1.0,1
8047,10602,1,2,1.0,1,2.0,1.0,1
8048,10627,2,2,,,,2.0,1
8049,10592,1,1,3.0,2,2.0,2.0,1
8050,10607,1,2,,,,1.0,1
8051,10592,1,1,3.0,2,2.0,2.0,1
8052,10607,1,2,,,,1.0,1
8053,10607,1,2,,,,1.0,1
8054,10612,1,2,2.0,1,1.0,1.0,0
8055,10592,1,1,3.0,2,2.0,2.0,1
8056,10627,2,2,,,,2.0,1
8057,10612,1,2,2.0,1,1.0,1.0,0
8058,10612,1,2,2.0,1,1.0,1.0,0
8059,10602,1,2,1.0,1,2.0,1.0,1
8060,10617,1,2,,,,1.0,1
8061,10602,1,2,1.0,1,2.0,1.0,1
8062,10612,1,2,2.0,1,1.0,1.0,0
8063,10627,2,2,,,,2.0,1
8064,10612,1,2,2.0,1,1.0,1.0,0
8065,10617,1,2,,,,1.0,1
8066,10602,1,2,1.0,1,2.0,1.0,1
8067,10602,1,2,1.0,1,2.0,1.0,1
8068,10612,1,2,2.0,1,1.0,1.0,0
8069,10597,1,2,1.0,1,2.0,1.0,1
8070,10597,1,2,1.0,1,2.0,1.0,1
8071,10607,1,2,,,,1.0,1
8072,10597,1,2,1.0,1,2.0,1.0,1
8073,10607,1,2,,,,1.0,1
8074,10597,1,2,1.0,1,2.0,1.0,1
8075,10607,1,2,,,,1.0,1
8076,10602,1,2,1.0,1,2.0,1.0,1
8077,10607,1,2,,,,1.0,1
8078,10627,2,2,,,,2.0,1
8079,10612,1,2,2.0,1,1.0,1.0,0
8080,10607,1,2,,,,1.0,0
8081,10622,2,2,,,,2.0,0
8082,10592,1,1,3.0,2,2.0,2.0,0
8083,10617,1,2,,,,1.0,1
8084,10612,1,2,2.0,1,1.0,1.0,0
8085,10617,1,2,,,,1.0,1
8086,10617,1,2,,,,1.0,1
8087,10627,2,2,,,,2.0,1
8088,10597,1,2,1.0,1,2.0,1.0,1
8089,10612,1,2,2.0,1,1.0,1.0,0
8090,10602,1,2,1.0,1,2.0,1.0,1
8091,10607,1,2,,,,1.0,1
8092,10617,1,2,,,,1.0,1
8093,10617,1,2,,,,1.0,1
8094,10622,2,2,,,,2.0,1
8095,10592,1,1,3.0,2,2.0,2.0,1
8096,10612,1,2,2.0,1,1.0,1.0,0
8097,10612,1,2,2.0,1,1.0,1.0,0
8098,10602,1,2,1.0,1,2.0,1.0,0
8099,10617,1,2,,,,1.0,1
8100,10627,2,2,,,,2.0,1
8101,10597,1,2,1.0,1,2.0,1.0,1
8102,10597,1,2,1.0,1,2.0,1.0,1
8103,10597,1,2,1.0,1,2.0,1.0,1
8104,10597,1,2,1.0,1,2.0,1.0,1
8105,10597,1,2,1.0,1,2.0,1.0,1
8106,10617,1,2,,,,1.0,1
8107,10612,1,2,2.0,1,1.0,1.0,0
8108,10597,1,2,1.0,1,2.0,1.0,1
8109,10592,1,1,3.0,2,2.0,2.0,1
8110,10607,1,2,,,,1.0,1
8111,10627,2,2,,,,2.0,1
8112,10627,2,2,,,,2.0,1
8113,10627,2,2,,,,2.0,1
8114,10592,1,1,3.0,2,2.0,2.0,1
8115,10597,1,2,1.0,1,2.0,1.0,1
8116,10597,1,2,1.0,1,2.0,1.0,1
8117,10592,1,1,3.0,2,2.0,2.0,1
8118,10612,1,2,2.0,1,1.0,1.0,0
8119,10612,1,2,2.0,1,1.0,1.0,0
8120,10597,1,2,1.0,1,2.0,1.0,1
8121,10607,1,2,,,,1.0,1
8122,10607,1,2,,,,1.0,1
8123,10597,1,2,1.0,1,2.0,1.0,1
8124,10627,2,2,,,,2.0,1
8125,10597,1,2,1.0,1,2.0,1.0,1
8126,10597,1,2,1.0,1,2.0,1.0,1
8127,10612,1,2,2.0,1,1.0,1.0,0
8128,10622,2,2,,,,2.0,0
8129,10622,2,2,,,,2.0,0
8130,10622,2,2,,,,2.0,0
8131,10622,2,2,,,,2.0,0
8132,10622,2,2,,,,2.0,0
8133,10622,2,2,,,,2.0,0
8134,10622,2,2,,,,2.0,0
8135,10622,2,2,,,,2.0,1
8136,10622,2,2,,,,2.0,1
8137,10627,2,2,,,,2.0,1
8138,10627,2,2,,,,2.0,1
8139,10612,1,2,2.0,1,1.0,1.0,0
8140,10592,1,1,3.0,2,2.0,2.0,1
8141,10592,1,1,3.0,2,2.0,2.0,1
8142,10592,1,1,3.0,2,2.0,2.0,1
8143,10597,1,2,1.0,1,2.0,1.0,1
8144,10627,2,2,,,,2.0,1
8145,10622,2,2,,,,2.0,0
8146,10607,1,2,,,,1.0,0
8147,10597,1,2,1.0,1,2.0,1.0,0
8148,10617,1,2,,,,1.0,0
8149,10617,1,2,,,,1.0,0
8150,10617,1,2,,,,1.0,0
8151,10597,1,2,1.0,1,2.0,1.0,1
8152,10592,1,1,3.0,4,1.0,1.0,1
8153,10602,1,2,3.0,4,1.0,1.0,0
8154,10612,1,2,3.0,3,1.0,1.0,0
8155,10597,1,2,1.0,1,2.0,1.0,1
8156,10597,2,2,2.0,4,2.0,1.0,0
8157,10597,1,1,1.0,2,1.0,1.0,1
8158,10597,1,1,1.0,4,1.0,2.0,1
8159,10602,1,2,1.0,1,2.0,1.0,1
8160,10592,1,1,3.0,2,2.0,2.0,1
8161,10592,1,1,3.0,3,1.0,2.0,1
8162,10612,1,2,2.0,1,1.0,1.0,0
8163,10612,2,1,1.0,1,2.0,1.0,1
8164,10592,1,2,4.0,"System complexity (hard for front-office secretaries & admins to understand & maneuver), Lack of robustness (inability to handle & process big data instantaneously), Outdated Information Management systems.",1.0,1.0, Yes
8165,10607,1,2,,,,1.0,1
8166,10617,1,2,,,,1.0,1
8167,10622,2,2,,,,2.0,1
8168,10627,2,2,,,,2.0,1
8169,10592,1,1,3.0,2,2.0,2.0,1
8170,10592,1,1,3.0,3,1.0,2.0,1
8171,10592,1,1,3.0,2,2.0,2.0,1
8172,10592,1,1,3.0,3,1.0,2.0,1
8173,10592,1,1,3.0,2,2.0,2.0,1
8174,10592,1,1,3.0,3,1.0,2.0,1
8175,10612,1,2,2.0,1,1.0,1.0,0
8176,10592,1,1,3.0,4,1.0,1.0,1
8177,10597,1,2,1.0,1,2.0,1.0,1
8178,10592,1,1,3.0,2,2.0,2.0,1
8179,10592,1,1,3.0,3,1.0,2.0,1
8180,10617,1,2,,,,1.0,1
8181,10602,1,2,1.0,1,2.0,1.0,1
8182,10602,1,2,1.0,1,2.0,1.0,1
8183,10622,2,2,,,,2.0,1
8184,10617,1,2,,,,1.0,1
8185,10622,2,2,,,,2.0,1
8186,10602,1,2,1.0,1,2.0,1.0,1
8187,10617,1,2,,,,1.0,1
8188,10592,1,1,3.0,2,2.0,2.0,1
8189,10607,1,2,,,,1.0,1
8190,10592,1,1,3.0,3,1.0,2.0,1
8191,10627,2,2,,,,2.0,1
8192,10617,1,2,,,,1.0,1
8193,10592,1,1,3.0,3,1.0,2.0,1
8194,10592,1,1,3.0,3,1.0,2.0,1
8195,10612,1,2,2.0,1,1.0,1.0,0
8196,10597,1,2,1.0,1,2.0,1.0,1
8197,10592,1,1,3.0,3,1.0,2.0,1
8198,10622,2,2,,,,2.0,1
8199,10622,2,2,,,,2.0,1
8200,10607,1,2,,,,1.0,1
8201,10592,1,1,3.0,3,1.0,2.0,1
8202,10622,2,2,,,,2.0,1
8203,10597,1,2,1.0,1,2.0,1.0,1
8204,10617,1,2,,,,1.0,1
8205,10602,1,2,1.0,1,2.0,1.0,1
8206,10617,1,2,,,,1.0,1
8207,10622,2,2,,,,2.0,1
8208,10592,1,1,3.0,2,2.0,2.0,1
8209,10607,1,2,,,,1.0,1
8210,10627,2,2,,,,2.0,1
8211,10627,2,2,,,,2.0,1
8212,10592,1,1,3.0,4,1.0,1.0,1
8213,10627,2,2,,,,2.0,1
8214,10612,1,2,2.0,1,1.0,1.0,0
8215,10592,1,1,3.0,4,1.0,1.0,1
8216,10592,1,1,3.0,4,1.0,1.0,1
8217,10617,1,2,,,,1.0,1
8218,10602,1,2,1.0,1,2.0,1.0,1
8219,10627,2,2,,,,2.0,1
8220,10592,1,1,3.0,2,2.0,2.0,1
8221,10607,1,2,,,,1.0,1
8222,10592,1,1,3.0,2,2.0,2.0,1
8223,10607,1,2,,,,1.0,1
8224,10607,1,2,,,,1.0,1
8225,10612,1,2,2.0,1,1.0,1.0,0
8226,10592,1,1,3.0,2,2.0,2.0,1
8227,10627,2,2,,,,2.0,1
8228,10612,1,2,2.0,1,1.0,1.0,0
8229,10612,1,2,2.0,1,1.0,1.0,0
8230,10602,1,2,1.0,1,2.0,1.0,1
8231,10617,1,2,,,,1.0,1
8232,10602,1,2,1.0,1,2.0,1.0,1
8233,10612,1,2,2.0,1,1.0,1.0,0
8234,10627,2,2,,,,2.0,1
8235,10612,1,2,2.0,1,1.0,1.0,0
8236,10617,1,2,,,,1.0,1
8237,10602,1,2,1.0,1,2.0,1.0,1
8238,10602,1,2,1.0,1,2.0,1.0,1
8239,10612,1,2,2.0,1,1.0,1.0,0
8240,10597,1,2,1.0,1,2.0,1.0,1
8241,10597,1,2,1.0,1,2.0,1.0,1
8242,10607,1,2,,,,1.0,1
8243,10597,1,2,1.0,1,2.0,1.0,1
8244,10607,1,2,,,,1.0,1
8245,10597,1,2,1.0,1,2.0,1.0,1
8246,10607,1,2,,,,1.0,1
8247,10602,1,2,1.0,1,2.0,1.0,1
8248,10607,1,2,,,,1.0,1
8249,10627,2,2,,,,2.0,1
8250,10612,1,2,2.0,1,1.0,1.0,0
8251,10607,1,2,,,,1.0,1
8252,10622,2,2,,,,2.0,1
8253,10592,1,1,3.0,2,2.0,2.0,1
8254,10617,1,2,,,,1.0,1
8255,10612,1,2,2.0,1,1.0,1.0,0
8256,10617,1,2,,,,1.0,1
8257,10617,1,2,,,,1.0,1
8258,10627,2,2,,,,2.0,1
8259,10597,1,2,1.0,1,2.0,1.0,1
8260,10612,1,2,2.0,1,1.0,1.0,0
8261,10602,1,2,1.0,1,2.0,1.0,1
8262,10607,1,2,,,,1.0,1
8263,10617,1,2,,,,1.0,1
8264,10617,1,2,,,,1.0,1
8265,10622,2,2,,,,2.0,1
8266,10592,1,1,3.0,2,2.0,2.0,1
8267,10612,1,2,2.0,1,1.0,1.0,0
8268,10612,1,2,2.0,1,1.0,1.0,0
8269,10602,1,2,1.0,1,2.0,1.0,1
8270,10617,1,2,,,,1.0,1
8271,10627,2,2,,,,2.0,1
8272,10597,1,2,1.0,1,2.0,1.0,1
8273,10597,1,2,1.0,1,2.0,1.0,1
8274,10597,1,2,1.0,1,2.0,1.0,1
8275,10597,1,2,1.0,1,2.0,1.0,1
8276,10597,1,2,1.0,1,2.0,1.0,1
8277,10617,1,2,,,,1.0,1
8278,10612,1,2,2.0,1,1.0,1.0,0
8279,10597,1,2,1.0,1,2.0,1.0,1
8280,10592,1,1,3.0,2,2.0,2.0,1
8281,10607,1,2,,,,1.0,1
8282,10627,2,2,,,,2.0,1
8283,10627,2,2,,,,2.0,1
8284,10627,2,2,,,,2.0,1
8285,10592,1,1,3.0,2,2.0,2.0,1
8286,10597,1,2,1.0,1,2.0,1.0,1
8287,10597,1,2,1.0,1,2.0,1.0,1
8288,10592,1,1,3.0,2,2.0,2.0,1
8289,10612,1,2,2.0,1,1.0,1.0,0
8290,10612,1,2,2.0,1,1.0,1.0,0
8291,10597,1,2,1.0,1,2.0,1.0,1
8292,10607,1,2,,,,1.0,1
8293,10607,1,2,,,,1.0,1
8294,10597,1,2,1.0,1,2.0,1.0,1
8295,10627,2,2,,,,2.0,1
8296,10597,1,2,1.0,1,2.0,1.0,1
8297,10597,1,2,1.0,1,2.0,1.0,1
8298,10612,1,2,2.0,1,1.0,1.0,0
8299,10622,2,2,,,,2.0,1
8300,10622,2,2,,,,2.0,1
8301,10622,2,2,,,,2.0,1
8302,10622,2,2,,,,2.0,1
8303,10622,2,2,,,,2.0,1
8304,10622,2,2,,,,2.0,1
8305,10622,2,2,,,,2.0,1
8306,10622,2,2,,,,2.0,1
8307,10622,2,2,,,,2.0,1
8308,10627,2,2,,,,2.0,1
8309,10627,2,2,,,,2.0,1
8310,10612,1,2,2.0,1,1.0,1.0,0
8311,10592,1,1,3.0,2,2.0,2.0,1
8312,10592,1,1,3.0,2,2.0,2.0,1
8313,10592,1,1,3.0,2,2.0,2.0,1
8314,10597,1,2,1.0,1,2.0,1.0,1
8315,10627,2,2,,,,2.0,1
8316,10592,1,1,3.0,4,1.0,1.0,Yes 
8317,10602,1,2,3.0,4,1.0,1.0,0
8318,10612,1,2,3.0,3,1.0,1.0,0
8319,10597,1,2,1.0,1,2.0,1.0,1
8320,10597,2,2,2.0,4,2.0,1.0,0
8321,10597,1,1,1.0,2,1.0,1.0,1
8322,10597,1,1,1.0,4,1.0,2.0,1
8323,10602,1,2,1.0,1,2.0,1.0,1
8324,10592,1,1,3.0,2,2.0,2.0,1
8325,10592,1,1,3.0,3,1.0,2.0,1
8326,10612,1,2,2.0,1,1.0,1.0,0
8327,10612,2,1,1.0,1,2.0,1.0,1
8328,10592,1,2,4.0,"System complexity (hard for front-office secretaries & admins to understand & maneuver), Lack of robustness (inability to handle & process big data instantaneously), Outdated Information Management systems.",1.0,1.0,1
8329,10607,1,2,,,,1.0,1
8330,10617,1,2,,,,1.0,1
8331,10622,2,2,,,,2.0,1
8332,10627,2,2,,,,2.0,1
8333,10592,1,1,3.0,2,2.0,2.0,1
8334,10592,1,1,3.0,3,1.0,2.0,1
8335,10592,1,1,3.0,2,2.0,2.0,1
8336,10592,1,1,3.0,3,1.0,2.0,1
8337,10592,1,1,3.0,2,2.0,2.0,1
8338,10592,1,1,3.0,3,1.0,2.0,1
8339,10612,1,2,2.0,1,1.0,1.0,0
8340,10592,1,1,3.0,4,1.0,1.0,1
8341,10597,1,2,1.0,1,2.0,1.0,1
8342,10592,1,1,3.0,2,2.0,2.0,1
8343,10592,1,1,3.0,3,1.0,2.0,1
8344,10617,1,2,,,,1.0,1
8345,10602,1,2,1.0,1,2.0,1.0,1
8346,10602,1,2,1.0,1,2.0,1.0,1
8347,10622,2,2,,,,2.0,1
8348,10617,1,2,,,,1.0,1
8349,10622,2,2,,,,2.0,1
8350,10602,1,2,1.0,1,2.0,1.0,1
8351,10617,1,2,,,,1.0,1
8352,10592,1,1,3.0,2,2.0,2.0,1
8353,10607,1,2,,,,1.0,1
8354,10592,1,1,3.0,3,1.0,2.0,1
8355,10627,2,2,,,,2.0,1
8356,10617,1,2,,,,1.0,1
8357,10592,1,1,3.0,3,1.0,2.0,1
8358,10592,1,1,3.0,3,1.0,2.0,1
8359,10612,1,2,2.0,1,1.0,1.0,0
8360,10597,1,2,1.0,1,2.0,1.0,1
8361,10592,1,1,3.0,3,1.0,2.0,1
8362,10622,2,2,,,,2.0,1
8363,10622,2,2,,,,2.0,1
8364,10607,1,2,,,,1.0,1
8365,10592,1,1,3.0,3,1.0,2.0,1
8366,10622,2,2,,,,2.0,1
8367,10597,1,2,1.0,1,2.0,1.0,1
8368,10617,1,2,,,,1.0,1
8369,10602,1,2,1.0,1,2.0,1.0,1
8370,10617,1,2,,,,1.0,1
8371,10622,2,2,,,,2.0,1
8372,10592,1,1,3.0,2,2.0,2.0,1
8373,10607,1,2,,,,1.0,1
8374,10627,2,2,,,,2.0,1
8375,10627,2,2,,,,2.0,1
8376,10592,1,1,3.0,4,1.0,1.0,1
8377,10627,2,2,,,,2.0,1
8378,10612,1,2,2.0,1,1.0,1.0,0
8379,10592,1,1,3.0,4,1.0,1.0,1
8380,10592,1,1,3.0,4,1.0,1.0,1
8381,10617,1,2,,,,1.0,1
8382,10602,1,2,1.0,1,2.0,1.0,1
8383,10627,2,2,,,,2.0,1
8384,10592,1,1,3.0,2,2.0,2.0,1
8385,10607,1,2,,,,1.0,1
8386,10592,1,1,3.0,2,2.0,2.0,1
8387,10607,1,2,,,,1.0,1
8388,10607,1,2,,,,1.0,1
8389,10612,1,2,2.0,1,1.0,1.0,0
8390,10592,1,1,3.0,2,2.0,2.0,1
8391,10627,2,2,,,,2.0,1
8392,10612,1,2,2.0,1,1.0,1.0,0
8393,10612,1,2,2.0,1,1.0,1.0,0
8394,10602,1,2,1.0,1,2.0,1.0,1
8395,10617,1,2,,,,1.0,1
8396,10602,1,2,1.0,1,2.0,1.0,1
8397,10612,1,2,2.0,1,1.0,1.0,0
8398,10627,2,2,,,,2.0,1
8399,10612,1,2,2.0,1,1.0,1.0,0
8400,10617,1,2,,,,1.0,1
8401,10602,1,2,1.0,1,2.0,1.0,1
8402,10602,1,2,1.0,1,2.0,1.0,1
8403,10612,1,2,2.0,1,1.0,1.0,0
8404,10597,1,2,1.0,1,2.0,1.0,1
8405,10597,1,2,1.0,1,2.0,1.0,1
8406,10607,1,2,,,,1.0,1
8407,10597,1,2,1.0,1,2.0,1.0,1
8408,10607,1,2,,,,1.0,1
8409,10597,1,2,1.0,1,2.0,1.0,1
8410,10607,1,2,,,,1.0,1
8411,10602,1,2,1.0,1,2.0,1.0,1
8412,10607,1,2,,,,1.0,1
8413,10627,2,2,,,,2.0,1
8414,10612,1,2,2.0,1,1.0,1.0,0
8415,10607,1,2,,,,1.0,1
8416,10622,2,2,,,,2.0,1
8417,10592,1,1,3.0,2,2.0,2.0,1
8418,10617,1,2,,,,1.0,1
8419,10612,1,2,2.0,1,1.0,1.0,0
8420,10617,1,2,,,,1.0,1
8421,10617,1,2,,,,1.0,1
8422,10627,2,2,,,,2.0,1
8423,10597,1,2,1.0,1,2.0,1.0,1
8424,10612,1,2,2.0,1,1.0,1.0,0
8425,10602,1,2,1.0,1,2.0,1.0,1
8426,10607,1,2,,,,1.0,1
8427,10617,1,2,,,,1.0,1
8428,10617,1,2,,,,1.0,1
8429,10622,2,2,,,,2.0,1
8430,10592,1,1,3.0,2,2.0,2.0,1
8431,10612,1,2,2.0,1,1.0,1.0,0
8432,10612,1,2,2.0,1,1.0,1.0,0
8433,10602,1,2,1.0,1,2.0,1.0,1
8434,10617,1,2,,,,1.0,1
8435,10627,2,2,,,,2.0,1
8436,10597,1,2,1.0,1,2.0,1.0,1
8437,10597,1,2,1.0,1,2.0,1.0,1
8438,10597,1,2,1.0,1,2.0,1.0,1
8439,10597,1,2,1.0,1,2.0,1.0,1
8440,10597,1,2,1.0,1,2.0,1.0,1
8441,10617,1,2,,,,1.0,1
8442,10612,1,2,2.0,1,1.0,1.0,0
8443,10597,1,2,1.0,1,2.0,1.0,1
8444,10592,1,1,3.0,2,2.0,2.0,1
8445,10607,1,2,,,,1.0,1
8446,10627,2,2,,,,2.0,1
8447,10627,2,2,,,,2.0,1
8448,10627,2,2,,,,2.0,1
8449,10592,1,1,3.0,2,2.0,2.0,1
8450,10597,1,2,1.0,1,2.0,1.0,1
8451,10597,1,2,1.0,1,2.0,1.0,1
8452,10592,1,1,3.0,2,2.0,2.0,1
8453,10612,1,2,2.0,1,1.0,1.0,0
8454,10612,1,2,2.0,1,1.0,1.0,0
8455,10597,1,2,1.0,1,2.0,1.0,1
8456,10607,1,2,,,,1.0,1
8457,10607,1,2,,,,1.0,1
8458,10597,1,2,1.0,1,2.0,1.0,1
8459,10627,2,2,,,,2.0,1
8460,10597,1,2,1.0,1,2.0,1.0,1
8461,10597,1,2,1.0,1,2.0,1.0,1
8462,10612,1,2,2.0,1,1.0,1.0,0
8463,10622,2,2,,,,2.0,1
8464,10622,2,2,,,,2.0,1
8465,10622,2,2,,,,2.0,1
8466,10622,2,2,,,,2.0,1
8467,10622,2,2,,,,2.0,1
8468,10622,2,2,,,,2.0,1
8469,10622,2,2,,,,2.0,1
8470,10622,2,2,,,,2.0,1
8471,10622,2,2,,,,2.0,1
8472,10627,2,2,,,,2.0,1
8473,10627,2,2,,,,2.0,1
8474,10612,1,2,2.0,1,1.0,1.0,0
8475,10592,1,1,3.0,2,2.0,2.0,1
8476,10592,1,1,3.0,2,2.0,2.0,1
8477,10592,1,1,3.0,2,2.0,2.0,1
8478,10597,1,2,1.0,1,2.0,1.0,1
8479,10627,2,2,,,,2.0,1
8480,10622,2,2,,,,2.0,1
8481,10607,1,2,,,,1.0,1
8482,10597,1,2,1.0,1,2.0,1.0,1
8483,10617,1,2,,,,1.0,1
8484,10617,1,2,,,,1.0,1
8485,10617,1,2,,,,1.0,1
8486,10597,1,2,1.0,1,2.0,1.0,1
8487,10592,1,1,3.0,4,1.0,1.0,1
8488,10602,1,2,3.0,4,1.0,1.0,0
8489,10612,1,2,3.0,3,1.0,1.0,0
8490,10597,1,2,1.0,1,2.0,1.0,1
8491,10597,2,2,2.0,4,2.0,1.0,0
8492,10597,1,1,1.0,2,1.0,1.0,1
8493,10597,1,1,1.0,4,1.0,2.0,1
8494,10602,1,2,1.0,1,2.0,1.0,1
8495,10592,1,1,3.0,2,2.0,2.0,1
8496,10592,1,1,3.0,3,1.0,2.0,1
8497,10612,1,2,2.0,1,1.0,1.0,0
8498,10612,2,1,1.0,1,2.0,1.0,1
8499,10592,1,2,4.0,"System complexity (hard for front-office secretaries & admins to understand & maneuver), Lack of robustness (inability to handle & process big data instantaneously), Outdated Information Management systems.",1.0,1.0, Yes
8500,10607,1,2,,,,1.0,1
8501,10617,1,2,,,,1.0,1
8502,10622,2,2,,,,2.0,1
8503,10627,2,2,,,,2.0,1
8504,10592,1,1,3.0,2,2.0,2.0,1
8505,10592,1,1,3.0,3,1.0,2.0,1
8506,10592,1,1,3.0,2,2.0,2.0,1
8507,10592,1,1,3.0,3,1.0,2.0,1
8508,10592,1,1,3.0,2,2.0,2.0,1
8509,10592,1,1,3.0,3,1.0,2.0,1
8510,10612,1,2,2.0,1,1.0,1.0,0
8511,10592,1,1,3.0,4,1.0,1.0,1
8512,10597,1,2,1.0,1,2.0,1.0,1
8513,10592,1,1,3.0,2,2.0,2.0,1
8514,10592,1,1,3.0,3,1.0,2.0,1
8515,10617,1,2,,,,1.0,1
8516,10602,1,2,1.0,1,2.0,1.0,1
8517,10602,1,2,1.0,1,2.0,1.0,1
8518,10622,2,2,,,,2.0,1
8519,10617,1,2,,,,1.0,1
8520,10622,2,2,,,,2.0,1
8521,10602,1,2,1.0,1,2.0,1.0,1
8522,10617,1,2,,,,1.0,1
8523,10592,1,1,3.0,2,2.0,2.0,1
8524,10607,1,2,,,,1.0,1
8525,10592,1,1,3.0,3,1.0,2.0,1
8526,10627,2,2,,,,2.0,1
8527,10617,1,2,,,,1.0,1
8528,10592,1,1,3.0,3,1.0,2.0,1
8529,10592,1,1,3.0,3,1.0,2.0,1
8530,10612,1,2,2.0,1,1.0,1.0,0
8531,10597,1,2,1.0,1,2.0,1.0,1
8532,10592,1,1,3.0,3,1.0,2.0,1
8533,10622,2,2,,,,2.0,1
8534,10622,2,2,,,,2.0,1
8535,10607,1,2,,,,1.0,1
8536,10592,1,1,3.0,3,1.0,2.0,1
8537,10622,2,2,,,,2.0,1
8538,10597,1,2,1.0,1,2.0,1.0,1
8539,10617,1,2,,,,1.0,1
8540,10602,1,2,1.0,1,2.0,1.0,1
8541,10617,1,2,,,,1.0,1
8542,10622,2,2,,,,2.0,1
8543,10592,1,1,3.0,2,2.0,2.0,1
8544,10607,1,2,,,,1.0,1
8545,10627,2,2,,,,2.0,1
8546,10627,2,2,,,,2.0,1
8547,10592,1,1,3.0,4,1.0,1.0,1
8548,10627,2,2,,,,2.0,1
8549,10612,1,2,2.0,1,1.0,1.0,0
8550,10592,1,1,3.0,4,1.0,1.0,1
8551,10592,1,1,3.0,4,1.0,1.0,1
8552,10617,1,2,,,,1.0,1
8553,10602,1,2,1.0,1,2.0,1.0,1
8554,10627,2,2,,,,2.0,1
8555,10592,1,1,3.0,2,2.0,2.0,1
8556,10607,1,2,,,,1.0,1
8557,10592,1,1,3.0,2,2.0,2.0,1
8558,10607,1,2,,,,1.0,1
8559,10607,1,2,,,,1.0,1
8560,10612,1,2,2.0,1,1.0,1.0,0
8561,10592,1,1,3.0,2,2.0,2.0,1
8562,10627,2,2,,,,2.0,1
8563,10612,1,2,2.0,1,1.0,1.0,0
8564,10612,1,2,2.0,1,1.0,1.0,0
8565,10602,1,2,1.0,1,2.0,1.0,1
8566,10617,1,2,,,,1.0,1
8567,10602,1,2,1.0,1,2.0,1.0,1
8568,10612,1,2,2.0,1,1.0,1.0,0
8569,10627,2,2,,,,2.0,1
8570,10612,1,2,2.0,1,1.0,1.0,0
8571,10617,1,2,,,,1.0,1
8572,10602,1,2,1.0,1,2.0,1.0,1
8573,10602,1,2,1.0,1,2.0,1.0,1
8574,10612,1,2,2.0,1,1.0,1.0,0
8575,10597,1,2,1.0,1,2.0,1.0,1
8576,10597,1,2,1.0,1,2.0,1.0,1
8577,10607,1,2,,,,1.0,1
8578,10597,1,2,1.0,1,2.0,1.0,1
8579,10607,1,2,,,,1.0,1
8580,10597,1,2,1.0,1,2.0,1.0,1
8581,10607,1,2,,,,1.0,1
8582,10602,1,2,1.0,1,2.0,1.0,1
8583,10607,1,2,,,,1.0,1
8584,10627,2,2,,,,2.0,1
8585,10612,1,2,2.0,1,1.0,1.0,0
8586,10607,1,2,,,,1.0,1
8587,10622,2,2,,,,2.0,1
8588,10592,1,1,3.0,2,2.0,2.0,1
8589,10617,1,2,,,,1.0,1
8590,10612,1,2,2.0,1,1.0,1.0,0
8591,10617,1,2,,,,1.0,1
8592,10617,1,2,,,,1.0,1
8593,10627,2,2,,,,2.0,1
8594,10597,1,2,1.0,1,2.0,1.0,1
8595,10612,1,2,2.0,1,1.0,1.0,0
8596,10602,1,2,1.0,1,2.0,1.0,1
8597,10607,1,2,,,,1.0,1
8598,10617,1,2,,,,1.0,1
8599,10617,1,2,,,,1.0,1
8600,10622,2,2,,,,2.0,1
8601,10592,1,1,3.0,2,2.0,2.0,1
8602,10612,1,2,2.0,1,1.0,1.0,0
8603,10612,1,2,2.0,1,1.0,1.0,0
8604,10602,1,2,1.0,1,2.0,1.0,1
8605,10617,1,2,,,,1.0,1
8606,10627,2,2,,,,2.0,1
8607,10597,1,2,1.0,1,2.0,1.0,1
8608,10597,1,2,1.0,1,2.0,1.0,1
8609,10597,1,2,1.0,1,2.0,1.0,1
8610,10597,1,2,1.0,1,2.0,1.0,1
8611,10597,1,2,1.0,1,2.0,1.0,1
8612,10617,1,2,,,,1.0,1
8613,10612,1,2,2.0,1,1.0,1.0,0
8614,10597,1,2,1.0,1,2.0,1.0,1
8615,10592,1,1,3.0,2,2.0,2.0,1
8616,10607,1,2,,,,1.0,1
8617,10627,2,2,,,,2.0,1
8618,10627,2,2,,,,2.0,1
8619,10627,2,2,,,,2.0,1
8620,10592,1,1,3.0,2,2.0,2.0,1
8621,10597,1,2,1.0,1,2.0,1.0,1
8622,10597,1,2,1.0,1,2.0,1.0,1
8623,10592,1,1,3.0,2,2.0,2.0,1
8624,10612,1,2,2.0,1,1.0,1.0,0
8625,10612,1,2,2.0,1,1.0,1.0,0
8626,10597,1,2,1.0,1,2.0,1.0,1
8627,10607,1,2,,,,1.0,1
8628,10607,1,2,,,,1.0,1
8629,10597,1,2,1.0,1,2.0,1.0,1
8630,10627,2,2,,,,2.0,1
8631,10597,1,2,1.0,1,2.0,1.0,1
8632,10597,1,2,1.0,1,2.0,1.0,1
8633,10612,1,2,2.0,1,1.0,1.0,0
8634,10622,2,2,,,,2.0,1
8635,10622,2,2,,,,2.0,1
8636,10622,2,2,,,,2.0,1
8637,10622,2,2,,,,2.0,1
8638,10622,2,2,,,,2.0,1
8639,10622,2,2,,,,2.0,1
8640,10622,2,2,,,,2.0,1
8641,10622,2,2,,,,2.0,1
8642,10622,2,2,,,,2.0,1
8643,10627,2,2,,,,2.0,1
8644,10627,2,2,,,,2.0,1
8645,10612,1,2,2.0,1,1.0,1.0,0
8646,10592,1,1,3.0,2,2.0,2.0,1
8647,10592,1,1,3.0,2,2.0,2.0,1
8648,10592,1,1,3.0,2,2.0,2.0,1
8649,10597,1,2,1.0,1,2.0,1.0,1
8650,10627,2,2,,,,2.0,1
8651,10622,2,2,,,,2.0,1
8652,10607,1,2,,,,1.0,1
8653,10597,1,2,1.0,1,2.0,1.0,1
8654,10617,1,2,,,,1.0,1
8655,10617,1,2,,,,1.0,1
8656,10617,1,2,,,,1.0,1
8657,10597,1,2,1.0,1,2.0,1.0,1
8658,10592,1,1,3.0,4,1.0,1.0,1
8659,10602,1,2,3.0,4,1.0,1.0,0
8660,10612,1,2,3.0,3,1.0,1.0,0
8661,10597,1,2,1.0,1,2.0,1.0,1
8662,10597,2,2,2.0,4,2.0,1.0,0
8663,10597,1,1,1.0,2,1.0,1.0,1
8664,10597,1,1,1.0,4,1.0,2.0,1
8665,10602,1,2,1.0,1,2.0,1.0,1
8666,10592,1,1,3.0,2,2.0,2.0,1
8667,10592,1,1,3.0,3,1.0,2.0,1
8668,10612,1,2,2.0,1,1.0,1.0,0
8669,10612,2,1,1.0,1,2.0,1.0,1
8670,10592,1,2,4.0,"System complexity (hard for front-office secretaries & admins to understand & maneuver), Lack of robustness (inability to handle & process big data instantaneously), Outdated Information Management systems.",1.0,1.0, Yes
8671,10607,1,2,,,,1.0,1
8672,10617,1,2,,,,1.0,1
8673,10622,2,2,,,,2.0,1
8674,10627,2,2,,,,2.0,1
8675,10592,1,1,3.0,2,2.0,2.0,1
8676,10592,1,1,3.0,3,1.0,2.0,1
8677,10592,1,1,3.0,2,2.0,2.0,1
8678,10592,1,1,3.0,3,1.0,2.0,1
8679,10592,1,1,3.0,2,2.0,2.0,1
8680,10592,1,1,3.0,3,1.0,2.0,1
8681,10612,1,2,2.0,1,1.0,1.0,0
8682,10592,1,1,3.0,4,1.0,1.0,1
8683,10597,1,2,1.0,1,2.0,1.0,1
8684,10592,1,1,3.0,2,2.0,2.0,1
8685,10592,1,1,3.0,3,1.0,2.0,1
8686,10617,1,2,,,,1.0,1
8687,10602,1,2,1.0,1,2.0,1.0,1
8688,10602,1,2,1.0,1,2.0,1.0,1
8689,10622,2,2,,,,2.0,1
8690,10617,1,2,,,,1.0,1
8691,10622,2,2,,,,2.0,1
8692,10602,1,2,1.0,1,2.0,1.0,1
8693,10617,1,2,,,,1.0,1
8694,10592,1,1,3.0,2,2.0,2.0,1
8695,10607,1,2,,,,1.0,1
8696,10592,1,1,3.0,3,1.0,2.0,1
8697,10627,2,2,,,,2.0,1
8698,10617,1,2,,,,1.0,1
8699,10592,1,1,3.0,3,1.0,2.0,1
8700,10592,1,1,3.0,3,1.0,2.0,1
8701,10612,1,2,2.0,1,1.0,1.0,0
8702,10597,1,2,1.0,1,2.0,1.0,1
8703,10592,1,1,3.0,3,1.0,2.0,1
8704,10622,2,2,,,,2.0,1
8705,10622,2,2,,,,2.0,1
8706,10607,1,2,,,,1.0,1
8707,10592,1,1,3.0,3,1.0,2.0,1
8708,10622,2,2,,,,2.0,1
8709,10597,1,2,1.0,1,2.0,1.0,1
8710,10617,1,2,,,,1.0,1
8711,10602,1,2,1.0,1,2.0,1.0,1
8712,10617,1,2,,,,1.0,1
8713,10622,2,2,,,,2.0,1
8714,10592,1,1,3.0,2,2.0,2.0,1
8715,10607,1,2,,,,1.0,1
8716,10627,2,2,,,,2.0,1
8717,10627,2,2,,,,2.0,1
8718,10592,1,1,3.0,4,1.0,1.0,1
8719,10627,2,2,,,,2.0,1
8720,10612,1,2,2.0,1,1.0,1.0,0
8721,10592,1,1,3.0,4,1.0,1.0,1
8722,10592,1,1,3.0,4,1.0,1.0,1
8723,10617,1,2,,,,1.0,1
8724,10602,1,2,1.0,1,2.0,1.0,1
8725,10627,2,2,,,,2.0,1
8726,10592,1,1,3.0,2,2.0,2.0,1
8727,10607,1,2,,,,1.0,1
8728,10592,1,1,3.0,2,2.0,2.0,1
8729,10607,1,2,,,,1.0,1
8730,10607,1,2,,,,1.0,1
8731,10612,1,2,2.0,1,1.0,1.0,0
8732,10592,1,1,3.0,2,2.0,2.0,1
8733,10627,2,2,,,,2.0,1
8734,10612,1,2,2.0,1,1.0,1.0,0
8735,10612,1,2,2.0,1,1.0,1.0,0
8736,10602,1,2,1.0,1,2.0,1.0,1
8737,10617,1,2,,,,1.0,1
8738,10602,1,2,1.0,1,2.0,1.0,1
8739,10612,1,2,2.0,1,1.0,1.0,0
8740,10627,2,2,,,,2.0,1
8741,10612,1,2,2.0,1,1.0,1.0,0
8742,10617,1,2,,,,1.0,1
8743,10602,1,2,1.0,1,2.0,1.0,1
8744,10602,1,2,1.0,1,2.0,1.0,1
8745,10612,1,2,2.0,1,1.0,1.0,0
8746,10597,1,2,1.0,1,2.0,1.0,1
8747,10597,1,2,1.0,1,2.0,1.0,1
8748,10607,1,2,,,,1.0,1
8749,10597,1,2,1.0,1,2.0,1.0,1
8750,10607,1,2,,,,1.0,1
8751,10597,1,2,1.0,1,2.0,1.0,1
8752,10607,1,2,,,,1.0,1
8753,10602,1,2,1.0,1,2.0,1.0,1
8754,10607,1,2,,,,1.0,1
8755,10627,2,2,,,,2.0,1
8756,10612,1,2,2.0,1,1.0,1.0,0
8757,10607,1,2,,,,1.0,1
8758,10622,2,2,,,,2.0,1
8759,10592,1,1,3.0,2,2.0,2.0,1
8760,10617,1,2,,,,1.0,1
8761,10612,1,2,2.0,1,1.0,1.0,0
8762,10617,1,2,,,,1.0,1
8763,10617,1,2,,,,1.0,1
8764,10627,2,2,,,,2.0,1
8765,10597,1,2,1.0,1,2.0,1.0,1
8766,10612,1,2,2.0,1,1.0,1.0,0
8767,10602,1,2,1.0,1,2.0,1.0,1
8768,10607,1,2,,,,1.0,1
8769,10617,1,2,,,,1.0,1
8770,10617,1,2,,,,1.0,1
8771,10622,2,2,,,,2.0,1
8772,10592,1,1,3.0,2,2.0,2.0,1
8773,10612,1,2,2.0,1,1.0,1.0,0
8774,10612,1,2,2.0,1,1.0,1.0,0
8775,10602,1,2,1.0,1,2.0,1.0,1
8776,10617,1,2,,,,1.0,1
8777,10627,2,2,,,,2.0,1
8778,10597,1,2,1.0,1,2.0,1.0,1
8779,10597,1,2,1.0,1,2.0,1.0,1
8780,10597,1,2,1.0,1,2.0,1.0,1
8781,10597,1,2,1.0,1,2.0,1.0,1
8782,10597,1,2,1.0,1,2.0,1.0,1
8783,10617,1,2,,,,1.0,1
8784,10612,1,2,2.0,1,1.0,1.0,0
8785,10597,1,2,1.0,1,2.0,1.0,1
8786,10592,1,1,3.0,2,2.0,2.0,1
8787,10607,1,2,,,,1.0,1
8788,10627,2,2,,,,2.0,1
8789,10627,2,2,,,,2.0,1
8790,10627,2,2,,,,2.0,1
8791,10592,1,1,3.0,2,2.0,2.0,1
8792,10597,1,2,1.0,1,2.0,1.0,1
8793,10597,1,2,1.0,1,2.0,1.0,1
8794,10592,1,1,3.0,2,2.0,2.0,1
8795,10612,1,2,2.0,1,1.0,1.0,0
8796,10612,1,2,2.0,1,1.0,1.0,0
8797,10597,1,2,1.0,1,2.0,1.0,1
8798,10607,1,2,,,,1.0,1
8799,10607,1,2,,,,1.0,1
8800,10597,1,2,1.0,1,2.0,1.0,1
8801,10627,2,2,,,,2.0,1
8802,10597,1,2,1.0,1,2.0,1.0,1
8803,10597,1,2,1.0,1,2.0,1.0,1
8804,10612,1,2,2.0,1,1.0,1.0,0
8805,10622,2,2,,,,2.0,1
8806,10622,2,2,,,,2.0,1
8807,10622,2,2,,,,2.0,1
8808,10622,2,2,,,,2.0,1
8809,10622,2,2,,,,2.0,1
8810,10622,2,2,,,,2.0,1
8811,10622,2,2,,,,2.0,1
8812,10622,2,2,,,,2.0,1
8813,10622,2,2,,,,2.0,1
8814,10627,2,2,,,,2.0,1
8815,10627,2,2,,,,2.0,1
8816,10612,1,2,2.0,1,1.0,1.0,0
8817,10592,1,1,3.0,2,2.0,2.0,1
8818,10592,1,1,3.0,2,2.0,2.0,1
8819,10592,1,1,3.0,2,2.0,2.0,1
8820,10597,1,2,1.0,1,2.0,1.0,1
8821,10627,2,2,,,,2.0,1
8822,10622,2,2,,,,2.0,1
8823,10607,1,2,,,,1.0,1
8824,10597,1,2,1.0,1,2.0,1.0,1
8825,10617,1,2,,,,1.0,1
8826,10617,1,2,,,,1.0,1
8827,10617,1,2,,,,1.0,1
8828,10597,1,2,1.0,1,2.0,1.0,1
8829,10592,1,1,3.0,4,1.0,1.0,1
8830,10592,1,1,3.0,4,1.0,1.0,1
8831,10592,1,1,3.0,4,1.0,1.0,1
8832,10592,1,1,3.0,4,1.0,1.0,1
8833,10592,1,1,3.0,4,1.0,1.0,1
8834,10592,1,1,3.0,4,1.0,1.0,1
8835,10602,1,2,3.0,4,1.0,1.0,0
8836,10612,1,2,3.0,3,1.0,1.0,0
8837,10597,1,2,1.0,1,2.0,1.0,1
8838,10597,2,2,2.0,4,2.0,1.0,0
8839,10597,1,1,1.0,2,1.0,1.0,1
8840,10597,1,1,1.0,4,1.0,2.0,1
8841,10602,1,2,1.0,1,2.0,1.0,1
8842,10592,1,1,3.0,2,2.0,2.0,1
8843,10592,1,1,3.0,3,1.0,2.0,1
8844,10612,1,2,2.0,1,1.0,1.0,0
8845,10612,2,1,1.0,1,2.0,1.0,1
8846,10592,1,2,4.0,"System complexity (hard for front-office secretaries & admins to understand & maneuver), Lack of robustness (inability to handle & process big data instantaneously), Outdated Information Management systems.",1.0,1.0, Yes
8847,10607,1,2,,,,1.0,1
8848,10617,1,2,,,,1.0,1
8849,10622,2,2,,,,2.0,1
8850,10627,2,2,,,,2.0,1
8851,10592,1,1,3.0,2,2.0,2.0,1
8852,10592,1,1,3.0,3,1.0,2.0,1
8853,10592,1,1,3.0,2,2.0,2.0,1
8854,10592,1,1,3.0,3,1.0,2.0,1
8855,10592,1,1,3.0,2,2.0,2.0,1
8856,10592,1,1,3.0,3,1.0,2.0,1
8857,10612,1,2,2.0,1,1.0,1.0,0
8858,10592,1,1,3.0,4,1.0,1.0,1
8859,10597,1,2,1.0,1,2.0,1.0,1
8860,10592,1,1,3.0,2,2.0,2.0,1
8861,10592,1,1,3.0,3,1.0,2.0,1
8862,10617,1,2,,,,1.0,1
8863,10602,1,2,1.0,1,2.0,1.0,1
8864,10602,1,2,1.0,1,2.0,1.0,1
8865,10622,2,2,,,,2.0,1
8866,10617,1,2,,,,1.0,1
8867,10622,2,2,,,,2.0,1
8868,10602,1,2,1.0,1,2.0,1.0,1
8869,10617,1,2,,,,1.0,1
8870,10592,1,1,3.0,2,2.0,2.0,1
8871,10607,1,2,,,,1.0,1
8872,10592,1,1,3.0,3,1.0,2.0,1
8873,10627,2,2,,,,2.0,1
8874,10617,1,2,,,,1.0,1
8875,10592,1,1,3.0,3,1.0,2.0,1
8876,10592,1,1,3.0,3,1.0,2.0,1
8877,10612,1,2,2.0,1,1.0,1.0,0
8878,10597,1,2,1.0,1,2.0,1.0,1
8879,10592,1,1,3.0,3,1.0,2.0,1
8880,10622,2,2,,,,2.0,1
8881,10622,2,2,,,,2.0,1
8882,10607,1,2,,,,1.0,1
8883,10592,1,1,3.0,3,1.0,2.0,1
8884,10622,2,2,,,,2.0,1
8885,10597,1,2,1.0,1,2.0,1.0,1
8886,10617,1,2,,,,1.0,1
8887,10602,1,2,1.0,1,2.0,1.0,1
8888,10617,1,2,,,,1.0,1
8889,10622,2,2,,,,2.0,1
8890,10592,1,1,3.0,2,2.0,2.0,1
8891,10607,1,2,,,,1.0,1
8892,10627,2,2,,,,2.0,1
8893,10627,2,2,,,,2.0,1
8894,10592,1,1,3.0,4,1.0,1.0,1
8895,10627,2,2,,,,2.0,1
8896,10612,1,2,2.0,1,1.0,1.0,0
8897,10592,1,1,3.0,4,1.0,1.0,1
8898,10592,1,1,3.0,4,1.0,1.0,1
8899,10617,1,2,,,,1.0,1
8900,10602,1,2,1.0,1,2.0,1.0,1
8901,10627,2,2,,,,2.0,1
8902,10592,1,1,3.0,2,2.0,2.0,1
8903,10607,1,2,,,,1.0,1
8904,10592,1,1,3.0,2,2.0,2.0,1
8905,10607,1,2,,,,1.0,1
8906,10607,1,2,,,,1.0,1
8907,10612,1,2,2.0,1,1.0,1.0,0
8908,10592,1,1,3.0,2,2.0,2.0,1
8909,10627,2,2,,,,2.0,1
8910,10612,1,2,2.0,1,1.0,1.0,0
8911,10612,1,2,2.0,1,1.0,1.0,0
8912,10602,1,2,1.0,1,2.0,1.0,1
8913,10617,1,2,,,,1.0,1
8914,10602,1,2,1.0,1,2.0,1.0,1
8915,10612,1,2,2.0,1,1.0,1.0,0
8916,10627,2,2,,,,2.0,1
8917,10612,1,2,2.0,1,1.0,1.0,0
8918,10617,1,2,,,,1.0,1
8919,10602,1,2,1.0,1,2.0,1.0,1
8920,10602,1,2,1.0,1,2.0,1.0,1
8921,10612,1,2,2.0,1,1.0,1.0,0
8922,10597,1,2,1.0,1,2.0,1.0,1
8923,10597,1,2,1.0,1,2.0,1.0,1
8924,10607,1,2,,,,1.0,1
8925,10597,1,2,1.0,1,2.0,1.0,1
8926,10607,1,2,,,,1.0,1
8927,10597,1,2,1.0,1,2.0,1.0,1
8928,10607,1,2,,,,1.0,1
8929,10602,1,2,1.0,1,2.0,1.0,1
8930,10607,1,2,,,,1.0,1
8931,10627,2,2,,,,2.0,1
8932,10612,1,2,2.0,1,1.0,1.0,0
8933,10607,1,2,,,,1.0,1
8934,10622,2,2,,,,2.0,1
8935,10592,1,1,3.0,2,2.0,2.0,1
8936,10617,1,2,,,,1.0,1
8937,10612,1,2,2.0,1,1.0,1.0,0
8938,10617,1,2,,,,1.0,1
8939,10617,1,2,,,,1.0,1
8940,10627,2,2,,,,2.0,1
8941,10597,1,2,1.0,1,2.0,1.0,1
8942,10612,1,2,2.0,1,1.0,1.0,0
8943,10602,1,2,1.0,1,2.0,1.0,1
8944,10607,1,2,,,,1.0,1
8945,10617,1,2,,,,1.0,1
8946,10617,1,2,,,,1.0,1
8947,10622,2,2,,,,2.0,1
8948,10592,1,1,3.0,2,2.0,2.0,1
8949,10612,1,2,2.0,1,1.0,1.0,0
8950,10612,1,2,2.0,1,1.0,1.0,0
8951,10602,1,2,1.0,1,2.0,1.0,1
8952,10617,1,2,,,,1.0,1
8953,10627,2,2,,,,2.0,1
8954,10597,1,2,1.0,1,2.0,1.0,1
8955,10597,1,2,1.0,1,2.0,1.0,1
8956,10597,1,2,1.0,1,2.0,1.0,1
8957,10597,1,2,1.0,1,2.0,1.0,1
8958,10597,1,2,1.0,1,2.0,1.0,1
8959,10617,1,2,,,,1.0,1
8960,10612,1,2,2.0,1,1.0,1.0,0
8961,10597,1,2,1.0,1,2.0,1.0,1
8962,10592,1,1,3.0,2,2.0,2.0,1
8963,10607,1,2,,,,1.0,1
8964,10627,2,2,,,,2.0,1
8965,10627,2,2,,,,2.0,1
8966,10627,2,2,,,,2.0,1
8967,10592,1,1,3.0,2,2.0,2.0,1
8968,10597,1,2,1.0,1,2.0,1.0,1
8969,10597,1,2,1.0,1,2.0,1.0,1
8970,10592,1,1,3.0,2,2.0,2.0,1
8971,10612,1,2,2.0,1,1.0,1.0,0
8972,10612,1,2,2.0,1,1.0,1.0,0
8973,10597,1,2,1.0,1,2.0,1.0,1
8974,10607,1,2,,,,1.0,1
8975,10607,1,2,,,,1.0,1
8976,10597,1,2,1.0,1,2.0,1.0,1
8977,10627,2,2,,,,2.0,1
8978,10597,1,2,1.0,1,2.0,1.0,1
8979,10597,1,2,1.0,1,2.0,1.0,1
8980,10612,1,2,2.0,1,1.0,1.0,0
8981,10622,2,2,,,,2.0,1
8982,10622,2,2,,,,2.0,1
8983,10622,2,2,,,,2.0,1
8984,10622,2,2,,,,2.0,1
8985,10622,2,2,,,,2.0,1
8986,10622,2,2,,,,2.0,1
8987,10622,2,2,,,,2.0,1
8988,10622,2,2,,,,2.0,1
8989,10622,2,2,,,,2.0,1
8990,10627,2,2,,,,2.0,1
8991,10627,2,2,,,,2.0,1
8992,10612,1,2,2.0,1,1.0,1.0,0
8993,10592,1,1,3.0,2,2.0,2.0,1
8994,10592,1,1,3.0,2,2.0,2.0,1
8995,10592,1,1,3.0,2,2.0,2.0,1
8996,10597,1,2,1.0,1,2.0,1.0,1
8997,10627,2,2,,,,2.0,1
8998,10622,2,2,,,,2.0,1
8999,10607,1,2,,,,1.0,1
9000,10597,1,2,1.0,1,2.0,1.0,1
9001,10617,1,2,,,,1.0,1
9002,10617,1,2,,,,1.0,1
9003,10617,1,2,,,,1.0,1
9004,10597,1,2,1.0,1,2.0,1.0,1
9005,10592,1,1,3.0,4,1.0,1.0,1
9006,10602,1,2,3.0,4,1.0,1.0,0
9007,10612,1,2,3.0,3,1.0,1.0,0
9008,10597,1,2,1.0,1,2.0,1.0,1
9009,10597,2,2,2.0,4,2.0,1.0,0
9010,10597,1,1,1.0,2,1.0,1.0,1
9011,10597,1,1,1.0,4,1.0,2.0,1
9012,10602,1,2,1.0,1,2.0,1.0,1
9013,10592,1,1,3.0,2,2.0,2.0,1
9014,10592,1,1,3.0,3,1.0,2.0,1
9015,10612,1,2,2.0,1,1.0,1.0,0
9016,10612,2,1,1.0,1,2.0,1.0,1
9017,10592,1,2,4.0,"System complexity (hard for front-office secretaries & admins to understand & maneuver), Lack of robustness (inability to handle & process big data instantaneously), Outdated Information Management systems.",1.0,1.0, Yes
9018,10607,1,2,,,,1.0,1
9019,10617,1,2,,,,1.0,1
9020,10622,2,2,,,,2.0,1
9021,10627,2,2,,,,2.0,1
9022,10592,1,1,3.0,2,2.0,2.0,1
9023,10592,1,1,3.0,3,1.0,2.0,1
9024,10592,1,1,3.0,2,2.0,2.0,1
9025,10592,1,1,3.0,3,1.0,2.0,1
9026,10592,1,1,3.0,2,2.0,2.0,1
9027,10592,1,1,3.0,3,1.0,2.0,1
9028,10612,1,2,2.0,1,1.0,1.0,0
9029,10592,1,1,3.0,4,1.0,1.0,1
9030,10597,1,2,1.0,1,2.0,1.0,1
9031,10592,1,1,3.0,2,2.0,2.0,1
9032,10592,1,1,3.0,3,1.0,2.0,1
9033,10617,1,2,,,,1.0,1
9034,10602,1,2,1.0,1,2.0,1.0,1
9035,10602,1,2,1.0,1,2.0,1.0,1
9036,10622,2,2,,,,2.0,1
9037,10617,1,2,,,,1.0,1
9038,10622,2,2,,,,2.0,1
9039,10602,1,2,1.0,1,2.0,1.0,1
9040,10617,1,2,,,,1.0,1
9041,10592,1,1,3.0,2,2.0,2.0,1
9042,10607,1,2,,,,1.0,1
9043,10592,1,1,3.0,3,1.0,2.0,1
9044,10627,2,2,,,,2.0,1
9045,10617,1,2,,,,1.0,1
9046,10592,1,1,3.0,3,1.0,2.0,1
9047,10592,1,1,3.0,3,1.0,2.0,1
9048,10612,1,2,2.0,1,1.0,1.0,0
9049,10597,1,2,1.0,1,2.0,1.0,1
9050,10592,1,1,3.0,3,1.0,2.0,1
9051,10622,2,2,,,,2.0,1
9052,10622,2,2,,,,2.0,1
9053,10607,1,2,,,,1.0,1
9054,10592,1,1,3.0,3,1.0,2.0,1
9055,10622,2,2,,,,2.0,1
9056,10597,1,2,1.0,1,2.0,1.0,1
9057,10617,1,2,,,,1.0,1
9058,10602,1,2,1.0,1,2.0,1.0,1
9059,10617,1,2,,,,1.0,1
9060,10622,2,2,,,,2.0,1
9061,10592,1,1,3.0,2,2.0,2.0,1
9062,10607,1,2,,,,1.0,1
9063,10627,2,2,,,,2.0,1
9064,10627,2,2,,,,2.0,1
9065,10592,1,1,3.0,4,1.0,1.0,1
9066,10627,2,2,,,,2.0,1
9067,10612,1,2,2.0,1,1.0,1.0,0
9068,10592,1,1,3.0,4,1.0,1.0,1
9069,10592,1,1,3.0,4,1.0,1.0,1
9070,10617,1,2,,,,1.0,1
9071,10602,1,2,1.0,1,2.0,1.0,1
9072,10627,2,2,,,,2.0,1
9073,10592,1,1,3.0,2,2.0,2.0,1
9074,10607,1,2,,,,1.0,1
9075,10592,1,1,3.0,2,2.0,2.0,1
9076,10607,1,2,,,,1.0,1
9077,10607,1,2,,,,1.0,1
9078,10612,1,2,2.0,1,1.0,1.0,0
9079,10592,1,1,3.0,2,2.0,2.0,1
9080,10627,2,2,,,,2.0,1
9081,10612,1,2,2.0,1,1.0,1.0,0
9082,10612,1,2,2.0,1,1.0,1.0,0
9083,10602,1,2,1.0,1,2.0,1.0,1
9084,10617,1,2,,,,1.0,1
9085,10602,1,2,1.0,1,2.0,1.0,1
9086,10612,1,2,2.0,1,1.0,1.0,0
9087,10627,2,2,,,,2.0,1
9088,10612,1,2,2.0,1,1.0,1.0,0
9089,10617,1,2,,,,1.0,1
9090,10602,1,2,1.0,1,2.0,1.0,1
9091,10602,1,2,1.0,1,2.0,1.0,1
9092,10612,1,2,2.0,1,1.0,1.0,0
9093,10597,1,2,1.0,1,2.0,1.0,1
9094,10597,1,2,1.0,1,2.0,1.0,1
9095,10607,1,2,,,,1.0,1
9096,10597,1,2,1.0,1,2.0,1.0,1
9097,10607,1,2,,,,1.0,1
9098,10597,1,2,1.0,1,2.0,1.0,1
9099,10607,1,2,,,,1.0,1
9100,10602,1,2,1.0,1,2.0,1.0,1
9101,10607,1,2,,,,1.0,1
9102,10627,2,2,,,,2.0,1
9103,10612,1,2,2.0,1,1.0,1.0,0
9104,10607,1,2,,,,1.0,1
9105,10622,2,2,,,,2.0,1
9106,10592,1,1,3.0,2,2.0,2.0,1
9107,10617,1,2,,,,1.0,1
9108,10612,1,2,2.0,1,1.0,1.0,0
9109,10617,1,2,,,,1.0,1
9110,10617,1,2,,,,1.0,1
9111,10627,2,2,,,,2.0,1
9112,10597,1,2,1.0,1,2.0,1.0,1
9113,10612,1,2,2.0,1,1.0,1.0,0
9114,10602,1,2,1.0,1,2.0,1.0,1
9115,10607,1,2,,,,1.0,1
9116,10617,1,2,,,,1.0,1
9117,10617,1,2,,,,1.0,1
9118,10622,2,2,,,,2.0,1
9119,10592,1,1,3.0,2,2.0,2.0,1
9120,10612,1,2,2.0,1,1.0,1.0,0
9121,10612,1,2,2.0,1,1.0,1.0,0
9122,10602,1,2,1.0,1,2.0,1.0,1
9123,10617,1,2,,,,1.0,1
9124,10627,2,2,,,,2.0,1
9125,10597,1,2,1.0,1,2.0,1.0,1
9126,10597,1,2,1.0,1,2.0,1.0,1
9127,10597,1,2,1.0,1,2.0,1.0,1
9128,10597,1,2,1.0,1,2.0,1.0,1
9129,10597,1,2,1.0,1,2.0,1.0,1
9130,10617,1,2,,,,1.0,1
9131,10612,1,2,2.0,1,1.0,1.0,0
9132,10597,1,2,1.0,1,2.0,1.0,1
9133,10592,1,1,3.0,2,2.0,2.0,1
9134,10607,1,2,,,,1.0,1
9135,10627,2,2,,,,2.0,1
9136,10627,2,2,,,,2.0,1
9137,10627,2,2,,,,2.0,1
9138,10592,1,1,3.0,2,2.0,2.0,1
9139,10597,1,2,1.0,1,2.0,1.0,1
9140,10597,1,2,1.0,1,2.0,1.0,1
9141,10592,1,1,3.0,2,2.0,2.0,1
9142,10612,1,2,2.0,1,1.0,1.0,0
9143,10612,1,2,2.0,1,1.0,1.0,0
9144,10597,1,2,1.0,1,2.0,1.0,1
9145,10607,1,2,,,,1.0,1
9146,10607,1,2,,,,1.0,1
9147,10597,1,2,1.0,1,2.0,1.0,1
9148,10627,2,2,,,,2.0,1
9149,10597,1,2,1.0,1,2.0,1.0,1
9150,10597,1,2,1.0,1,2.0,1.0,1
9151,10612,1,2,2.0,1,1.0,1.0,0
9152,10622,2,2,,,,2.0,1
9153,10622,2,2,,,,2.0,1
9154,10622,2,2,,,,2.0,1
9155,10622,2,2,,,,2.0,1
9156,10622,2,2,,,,2.0,1
9157,10622,2,2,,,,2.0,1
9158,10622,2,2,,,,2.0,1
9159,10622,2,2,,,,2.0,1
9160,10622,2,2,,,,2.0,1
9161,10627,2,2,,,,2.0,1
9162,10627,2,2,,,,2.0,1
9163,10612,1,2,2.0,1,1.0,1.0,0
9164,10592,1,1,3.0,2,2.0,2.0,1
9165,10592,1,1,3.0,2,2.0,2.0,1
9166,10592,1,1,3.0,2,2.0,2.0,1
9167,10597,1,2,1.0,1,2.0,1.0,1
9168,10627,2,2,,,,2.0,1
9169,10622,2,2,,,,2.0,1
9170,10607,1,2,,,,1.0,1
9171,10597,1,2,1.0,1,2.0,1.0,1
9172,10617,1,2,,,,1.0,1
9173,10617,1,2,,,,1.0,1
9174,10617,1,2,,,,1.0,1
9175,10597,1,2,1.0,1,2.0,1.0,1
9176,10592,1,1,3.0,4,1.0,1.0,1
9177,10602,1,2,3.0,4,1.0,1.0,0
9178,10612,1,2,3.0,3,1.0,1.0,0
9179,10597,1,2,1.0,1,2.0,1.0,1
9180,10597,2,2,2.0,4,2.0,1.0,0
9181,10597,1,1,1.0,2,1.0,1.0,1
9182,10597,1,1,1.0,4,1.0,2.0,1
9183,10602,1,2,1.0,1,2.0,1.0,1
9184,10592,1,1,3.0,2,2.0,2.0,1
9185,10592,1,1,3.0,3,1.0,2.0,1
9186,10612,1,2,2.0,1,1.0,1.0,0
9187,10612,2,1,1.0,1,2.0,1.0,1
9188,10592,1,2,4.0,"System complexity (hard for front-office secretaries & admins to understand & maneuver), Lack of robustness (inability to handle & process big data instantaneously), Outdated Information Management systems.",1.0,1.0, Yes
9189,10607,1,2,,,,1.0,1
9190,10617,1,2,,,,1.0,1
9191,10622,2,2,,,,2.0,1
9192,10627,2,2,,,,2.0,1
9193,10592,1,1,3.0,2,2.0,2.0,1
9194,10592,1,1,3.0,3,1.0,2.0,1
9195,10592,1,1,3.0,2,2.0,2.0,1
9196,10592,1,1,3.0,3,1.0,2.0,1
9197,10592,1,1,3.0,2,2.0,2.0,1
9198,10592,1,1,3.0,4,1.0,1.0,Yes 
9199,10602,1,2,3.0,4,1.0,1.0,0
9200,10612,1,2,3.0,3,1.0,1.0,0
9201,10597,1,2,1.0,1,2.0,1.0,1
9202,10597,2,2,2.0,4,2.0,1.0,0
9203,10597,1,1,1.0,2,1.0,1.0,1
9204,10597,1,1,1.0,4,1.0,2.0,1
9205,10602,1,2,1.0,1,2.0,1.0,1
9206,10592,1,1,3.0,2,2.0,2.0,1
9207,10592,1,1,3.0,3,1.0,2.0,1
9208,10612,1,2,2.0,1,1.0,1.0,0
9209,10612,2,1,1.0,1,2.0,1.0,1
9210,10592,1,2,4.0,"System complexity (hard for front-office secretaries & admins to understand & maneuver), Lack of robustness (inability to handle & process big data instantaneously), Outdated Information Management systems.",1.0,1.0,1
9211,10607,1,2,,,,1.0,1
9212,10617,1,2,,,,1.0,1
9213,10622,2,2,,,,2.0,1
9214,10627,2,2,,,,2.0,1
9215,10592,1,1,3.0,2,2.0,2.0,1
9216,10592,1,1,3.0,3,1.0,2.0,1
9217,10592,1,1,3.0,2,2.0,2.0,1
9218,10592,1,1,3.0,3,1.0,2.0,1
9219,10592,1,1,3.0,2,2.0,2.0,1
9220,10592,1,1,3.0,3,1.0,2.0,1
9221,10612,1,2,2.0,1,1.0,1.0,0
9222,10592,1,1,3.0,4,1.0,1.0,1
9223,10597,1,2,1.0,1,2.0,1.0,1
9224,10592,1,1,3.0,2,2.0,2.0,1
9225,10592,1,1,3.0,3,1.0,2.0,1
9226,10617,1,2,,,,1.0,1
9227,10602,1,2,1.0,1,2.0,1.0,1
9228,10602,1,2,1.0,1,2.0,1.0,1
9229,10622,2,2,,,,2.0,1
9230,10617,1,2,,,,1.0,1
9231,10622,2,2,,,,2.0,1
9232,10602,1,2,1.0,1,2.0,1.0,1
9233,10617,1,2,,,,1.0,1
9234,10592,1,1,3.0,2,2.0,2.0,1
9235,10607,1,2,,,,1.0,1
9236,10592,1,1,3.0,3,1.0,2.0,1
9237,10627,2,2,,,,2.0,1
9238,10617,1,2,,,,1.0,1
9239,10592,1,1,3.0,3,1.0,2.0,1
9240,10592,1,1,3.0,3,1.0,2.0,1
9241,10612,1,2,2.0,1,1.0,1.0,0
9242,10597,1,2,1.0,1,2.0,1.0,1
9243,10592,1,1,3.0,3,1.0,2.0,1
9244,10622,2,2,,,,2.0,1
9245,10622,2,2,,,,2.0,1
9246,10607,1,2,,,,1.0,1
9247,10592,1,1,3.0,3,1.0,2.0,1
9248,10622,2,2,,,,2.0,1
9249,10597,1,2,1.0,1,2.0,1.0,1
9250,10617,1,2,,,,1.0,1
9251,10602,1,2,1.0,1,2.0,1.0,1
9252,10617,1,2,,,,1.0,1
9253,10622,2,2,,,,2.0,1
9254,10592,1,1,3.0,2,2.0,2.0,1
9255,10607,1,2,,,,1.0,1
9256,10627,2,2,,,,2.0,1
9257,10627,2,2,,,,2.0,1
9258,10592,1,1,3.0,4,1.0,1.0,1
9259,10627,2,2,,,,2.0,1
9260,10612,1,2,2.0,1,1.0,1.0,0
9261,10592,1,1,3.0,4,1.0,1.0,1
9262,10592,1,1,3.0,4,1.0,1.0,1
9263,10617,1,2,,,,1.0,1
9264,10602,1,2,1.0,1,2.0,1.0,1
9265,10627,2,2,,,,2.0,1
9266,10592,1,1,3.0,2,2.0,2.0,1
9267,10607,1,2,,,,1.0,1
9268,10592,1,1,3.0,2,2.0,2.0,1
9269,10607,1,2,,,,1.0,1
9270,10607,1,2,,,,1.0,1
9271,10612,1,2,2.0,1,1.0,1.0,0
9272,10592,1,1,3.0,2,2.0,2.0,1
9273,10627,2,2,,,,2.0,1
9274,10612,1,2,2.0,1,1.0,1.0,0
9275,10612,1,2,2.0,1,1.0,1.0,0
9276,10602,1,2,1.0,1,2.0,1.0,1
9277,10617,1,2,,,,1.0,1
9278,10602,1,2,1.0,1,2.0,1.0,1
9279,10612,1,2,2.0,1,1.0,1.0,0
9280,10627,2,2,,,,2.0,1
9281,10612,1,2,2.0,1,1.0,1.0,0
9282,10617,1,2,,,,1.0,1
9283,10602,1,2,1.0,1,2.0,1.0,1
9284,10602,1,2,1.0,1,2.0,1.0,1
9285,10612,1,2,2.0,1,1.0,1.0,0
9286,10597,1,2,1.0,1,2.0,1.0,1
9287,10597,1,2,1.0,1,2.0,1.0,1
9288,10607,1,2,,,,1.0,1
9289,10597,1,2,1.0,1,2.0,1.0,1
9290,10607,1,2,,,,1.0,1
9291,10597,1,2,1.0,1,2.0,1.0,1
9292,10607,1,2,,,,1.0,1
9293,10602,1,2,1.0,1,2.0,1.0,1
9294,10607,1,2,,,,1.0,1
9295,10627,2,2,,,,2.0,1
9296,10612,1,2,2.0,1,1.0,1.0,0
9297,10607,1,2,,,,1.0,1
9298,10622,2,2,,,,2.0,1
9299,10592,1,1,3.0,2,2.0,2.0,1
9300,10617,1,2,,,,1.0,1
9301,10612,1,2,2.0,1,1.0,1.0,0
9302,10617,1,2,,,,1.0,1
9303,10617,1,2,,,,1.0,1
9304,10627,2,2,,,,2.0,1
9305,10597,1,2,1.0,1,2.0,1.0,1
9306,10612,1,2,2.0,1,1.0,1.0,0
9307,10602,1,2,1.0,1,2.0,1.0,1
9308,10607,1,2,,,,1.0,1
9309,10617,1,2,,,,1.0,1
9310,10617,1,2,,,,1.0,1
9311,10622,2,2,,,,2.0,1
9312,10592,1,1,3.0,2,2.0,2.0,1
9313,10612,1,2,2.0,1,1.0,1.0,0
9314,10612,1,2,2.0,1,1.0,1.0,0
9315,10602,1,2,1.0,1,2.0,1.0,1
9316,10617,1,2,,,,1.0,1
9317,10627,2,2,,,,2.0,1
9318,10597,1,2,1.0,1,2.0,1.0,1
9319,10597,1,2,1.0,1,2.0,1.0,1
9320,10597,1,2,1.0,1,2.0,1.0,1
9321,10597,1,2,1.0,1,2.0,1.0,1
9322,10597,1,2,1.0,1,2.0,1.0,1
9323,10617,1,2,,,,1.0,1
9324,10612,1,2,2.0,1,1.0,1.0,0
9325,10597,1,2,1.0,1,2.0,1.0,1
9326,10592,1,1,3.0,2,2.0,2.0,1
9327,10607,1,2,,,,1.0,1
9328,10627,2,2,,,,2.0,1
9329,10627,2,2,,,,2.0,1
9330,10627,2,2,,,,2.0,1
9331,10592,1,1,3.0,2,2.0,2.0,1
9332,10597,1,2,1.0,1,2.0,1.0,1
9333,10597,1,2,1.0,1,2.0,1.0,1
9334,10592,1,1,3.0,2,2.0,2.0,1
9335,10612,1,2,2.0,1,1.0,1.0,0
9336,10612,1,2,2.0,1,1.0,1.0,0
9337,10597,1,2,1.0,1,2.0,1.0,1
9338,10607,1,2,,,,1.0,1
9339,10607,1,2,,,,1.0,1
9340,10597,1,2,1.0,1,2.0,1.0,1
9341,10627,2,2,,,,2.0,1
9342,10597,1,2,1.0,1,2.0,1.0,1
9343,10597,1,2,1.0,1,2.0,1.0,1
9344,10612,1,2,2.0,1,1.0,1.0,0
9345,10622,2,2,,,,2.0,1
9346,10622,2,2,,,,2.0,1
9347,10622,2,2,,,,2.0,1
9348,10622,2,2,,,,2.0,1
9349,10622,2,2,,,,2.0,1
9350,10622,2,2,,,,2.0,1
9351,10622,2,2,,,,2.0,1
9352,10622,2,2,,,,2.0,1
9353,10622,2,2,,,,2.0,1
9354,10627,2,2,,,,2.0,1
9355,10627,2,2,,,,2.0,1
9356,10612,1,2,2.0,1,1.0,1.0,0
9357,10592,1,1,3.0,2,2.0,2.0,1
9358,10592,1,1,3.0,2,2.0,2.0,1
9359,10592,1,1,3.0,2,2.0,2.0,1
9360,10597,1,2,1.0,1,2.0,1.0,1
9361,10627,2,2,,,,2.0,1
9362,10622,2,2,,,,2.0,1
9363,10607,1,2,,,,1.0,1
9364,10597,1,2,1.0,1,2.0,1.0,1
9365,10617,1,2,,,,1.0,1
9366,10617,1,2,,,,1.0,1
9367,10617,1,2,,,,1.0,1
9368,10597,1,2,1.0,1,2.0,1.0,1
9369,10592,1,1,3.0,4,1.0,1.0,1
9370,10602,1,2,3.0,4,1.0,1.0,0
9371,10612,1,2,3.0,3,1.0,1.0,0
9372,10597,1,2,1.0,1,2.0,1.0,1
9373,10597,2,2,2.0,4,2.0,1.0,0
9374,10597,1,1,1.0,2,1.0,1.0,1
9375,10597,1,1,1.0,4,1.0,2.0,1
9376,10602,1,2,1.0,1,2.0,1.0,1
9377,10592,1,1,3.0,2,2.0,2.0,1
9378,10592,1,1,3.0,3,1.0,2.0,1
9379,10612,1,2,2.0,1,1.0,1.0,0
9380,10612,2,1,1.0,1,2.0,1.0,1
9381,10592,1,2,4.0,"System complexity (hard for front-office secretaries & admins to understand & maneuver), Lack of robustness (inability to handle & process big data instantaneously), Outdated Information Management systems.",1.0,1.0, Yes
9382,10607,1,2,,,,1.0,1
9383,10617,1,2,,,,1.0,1
9384,10622,2,2,,,,2.0,1
9385,10627,2,2,,,,2.0,1
9386,10592,1,1,3.0,2,2.0,2.0,1
9387,10592,1,1,3.0,3,1.0,2.0,1
9388,10592,1,1,3.0,2,2.0,2.0,1
9389,10592,1,1,3.0,3,1.0,2.0,1
9390,10592,1,1,3.0,2,2.0,2.0,1
9391,10592,1,1,3.0,3,1.0,2.0,1
9392,10612,1,2,2.0,1,1.0,1.0,0
9393,10592,1,1,3.0,4,1.0,1.0,1
9394,10597,1,2,1.0,1,2.0,1.0,1
9395,10592,1,1,3.0,2,2.0,2.0,1
9396,10592,1,1,3.0,3,1.0,2.0,1
9397,10617,1,2,,,,1.0,1
9398,10602,1,2,1.0,1,2.0,1.0,1
9399,10602,1,2,1.0,1,2.0,1.0,1
9400,10622,2,2,,,,2.0,1
9401,10617,1,2,,,,1.0,1
9402,10622,2,2,,,,2.0,1
9403,10602,1,2,1.0,1,2.0,1.0,1
9404,10617,1,2,,,,1.0,1
9405,10592,1,1,3.0,2,2.0,2.0,1
9406,10607,1,2,,,,1.0,1
9407,10592,1,1,3.0,3,1.0,2.0,1
9408,10627,2,2,,,,2.0,1
9409,10617,1,2,,,,1.0,1
9410,10592,1,1,3.0,3,1.0,2.0,1
9411,10592,1,1,3.0,3,1.0,2.0,1
9412,10612,1,2,2.0,1,1.0,1.0,0
9413,10597,1,2,1.0,1,2.0,1.0,1
9414,10592,1,1,3.0,3,1.0,2.0,1
9415,10622,2,2,,,,2.0,1
9416,10622,2,2,,,,2.0,1
9417,10607,1,2,,,,1.0,1
9418,10592,1,1,3.0,3,1.0,2.0,1
9419,10622,2,2,,,,2.0,1
9420,10597,1,2,1.0,1,2.0,1.0,1
9421,10617,1,2,,,,1.0,1
9422,10602,1,2,1.0,1,2.0,1.0,1
9423,10617,1,2,,,,1.0,1
9424,10622,2,2,,,,2.0,1
9425,10592,1,1,3.0,2,2.0,2.0,1
9426,10607,1,2,,,,1.0,1
9427,10627,2,2,,,,2.0,1
9428,10627,2,2,,,,2.0,1
9429,10592,1,1,3.0,4,1.0,1.0,1
9430,10627,2,2,,,,2.0,1
9431,10612,1,2,2.0,1,1.0,1.0,0
9432,10592,1,1,3.0,4,1.0,1.0,1
9433,10592,1,1,3.0,4,1.0,1.0,1
9434,10617,1,2,,,,1.0,1
9435,10602,1,2,1.0,1,2.0,1.0,1
9436,10627,2,2,,,,2.0,1
9437,10592,1,1,3.0,2,2.0,2.0,1
9438,10607,1,2,,,,1.0,1
9439,10592,1,1,3.0,2,2.0,2.0,1
9440,10607,1,2,,,,1.0,1
9441,10607,1,2,,,,1.0,1
9442,10612,1,2,2.0,1,1.0,1.0,0
9443,10592,1,1,3.0,2,2.0,2.0,1
9444,10627,2,2,,,,2.0,1
9445,10612,1,2,2.0,1,1.0,1.0,0
9446,10612,1,2,2.0,1,1.0,1.0,0
9447,10602,1,2,1.0,1,2.0,1.0,1
9448,10617,1,2,,,,1.0,1
9449,10602,1,2,1.0,1,2.0,1.0,1
9450,10612,1,2,2.0,1,1.0,1.0,0
9451,10627,2,2,,,,2.0,1
9452,10612,1,2,2.0,1,1.0,1.0,0
9453,10617,1,2,,,,1.0,1
9454,10602,1,2,1.0,1,2.0,1.0,1
9455,10602,1,2,1.0,1,2.0,1.0,1
9456,10612,1,2,2.0,1,1.0,1.0,0
9457,10597,1,2,1.0,1,2.0,1.0,1
9458,10597,1,2,1.0,1,2.0,1.0,1
9459,10607,1,2,,,,1.0,1
9460,10597,1,2,1.0,1,2.0,1.0,1
9461,10607,1,2,,,,1.0,1
9462,10597,1,2,1.0,1,2.0,1.0,1
9463,10607,1,2,,,,1.0,1
9464,10602,1,2,1.0,1,2.0,1.0,1
9465,10607,1,2,,,,1.0,1
9466,10627,2,2,,,,2.0,1
9467,10612,1,2,2.0,1,1.0,1.0,0
9468,10607,1,2,,,,1.0,1
9469,10622,2,2,,,,2.0,1
9470,10592,1,1,3.0,2,2.0,2.0,1
9471,10617,1,2,,,,1.0,1
9472,10612,1,2,2.0,1,1.0,1.0,0
9473,10617,1,2,,,,1.0,1
9474,10617,1,2,,,,1.0,1
9475,10627,2,2,,,,2.0,1
9476,10597,1,2,1.0,1,2.0,1.0,1
9477,10612,1,2,2.0,1,1.0,1.0,0
9478,10602,1,2,1.0,1,2.0,1.0,1
9479,10607,1,2,,,,1.0,1
9480,10617,1,2,,,,1.0,1
9481,10617,1,2,,,,1.0,1
9482,10622,2,2,,,,2.0,1
9483,10592,1,1,3.0,2,2.0,2.0,1
9484,10612,1,2,2.0,1,1.0,1.0,0
9485,10612,1,2,2.0,1,1.0,1.0,0
9486,10602,1,2,1.0,1,2.0,1.0,1
9487,10617,1,2,,,,1.0,1
9488,10627,2,2,,,,2.0,1
9489,10597,1,2,1.0,1,2.0,1.0,1
9490,10597,1,2,1.0,1,2.0,1.0,1
9491,10597,1,2,1.0,1,2.0,1.0,1
9492,10597,1,2,1.0,1,2.0,1.0,1
9493,10597,1,2,1.0,1,2.0,1.0,1
9494,10617,1,2,,,,1.0,1
9495,10612,1,2,2.0,1,1.0,1.0,0
9496,10597,1,2,1.0,1,2.0,1.0,1
9497,10592,1,1,3.0,2,2.0,2.0,1
9498,10607,1,2,,,,1.0,1
9499,10627,2,2,,,,2.0,1
9500,10627,2,2,,,,2.0,1
9501,10627,2,2,,,,2.0,1
9502,10592,1,1,3.0,2,2.0,2.0,1
9503,10597,1,2,1.0,1,2.0,1.0,1
9504,10597,1,2,1.0,1,2.0,1.0,1
9505,10592,1,1,3.0,2,2.0,2.0,1
9506,10612,1,2,2.0,1,1.0,1.0,0
9507,10612,1,2,2.0,1,1.0,1.0,0
9508,10597,1,2,1.0,1,2.0,1.0,1
9509,10607,1,2,,,,1.0,1
9510,10607,1,2,,,,1.0,1
9511,10597,1,2,1.0,1,2.0,1.0,1
9512,10627,2,2,,,,2.0,1
9513,10597,1,2,1.0,1,2.0,1.0,1
9514,10597,1,2,1.0,1,2.0,1.0,1
9515,10612,1,2,2.0,1,1.0,1.0,0
9516,10622,2,2,,,,2.0,1
9517,10622,2,2,,,,2.0,1
9518,10622,2,2,,,,2.0,1
9519,10622,2,2,,,,2.0,1
9520,10622,2,2,,,,2.0,1
9521,10622,2,2,,,,2.0,1
9522,10622,2,2,,,,2.0,1
9523,10622,2,2,,,,2.0,1
9524,10622,2,2,,,,2.0,1
9525,10627,2,2,,,,2.0,1
9526,10627,2,2,,,,2.0,1
9527,10612,1,2,2.0,1,1.0,1.0,0
9528,10592,1,1,3.0,2,2.0,2.0,1
9529,10592,1,1,3.0,2,2.0,2.0,1
9530,10592,1,1,3.0,2,2.0,2.0,1
9531,10597,1,2,1.0,1,2.0,1.0,1
9532,10627,2,2,,,,2.0,1
9533,10622,2,2,,,,2.0,1
9534,10607,1,2,,,,1.0,1
9535,10597,1,2,1.0,1,2.0,1.0,1
9536,10617,1,2,,,,1.0,1
9537,10617,1,2,,,,1.0,1
9538,10617,1,2,,,,1.0,1
9539,10597,1,2,1.0,1,2.0,1.0,1
9540,10592,1,1,3.0,4,1.0,1.0,1
9541,10602,1,2,3.0,4,1.0,1.0,0
9542,10612,1,2,3.0,3,1.0,1.0,0
9543,10597,1,2,1.0,1,2.0,1.0,1
9544,10597,2,2,2.0,4,2.0,1.0,0
9545,10597,1,1,1.0,2,1.0,1.0,1
9546,10597,1,1,1.0,4,1.0,2.0,1
9547,10602,1,2,1.0,1,2.0,1.0,1
9548,10592,1,1,3.0,2,2.0,2.0,1
9549,10592,1,1,3.0,3,1.0,2.0,1
9550,10612,1,2,2.0,1,1.0,1.0,0
9551,10612,2,1,1.0,1,2.0,1.0,1
9552,10592,1,2,4.0,"System complexity (hard for front-office secretaries & admins to understand & maneuver), Lack of robustness (inability to handle & process big data instantaneously), Outdated Information Management systems.",1.0,1.0, Yes
9553,10607,1,2,,,,1.0,1
9554,10617,1,2,,,,1.0,1
9555,10622,2,2,,,,2.0,1
9556,10627,2,2,,,,2.0,1
9557,10592,1,1,3.0,2,2.0,2.0,1
9558,10592,1,1,3.0,3,1.0,2.0,1
9559,10592,1,1,3.0,2,2.0,2.0,1
9560,10592,1,1,3.0,3,1.0,2.0,1
9561,10592,1,1,3.0,2,2.0,2.0,1
9562,10592,1,1,3.0,3,1.0,2.0,1
9563,10612,1,2,2.0,1,1.0,1.0,0
9564,10592,1,1,3.0,4,1.0,1.0,1
9565,10597,1,2,1.0,1,2.0,1.0,1
9566,10592,1,1,3.0,2,2.0,2.0,1
9567,10592,1,1,3.0,3,1.0,2.0,1
9568,10617,1,2,,,,1.0,1
9569,10602,1,2,1.0,1,2.0,1.0,1
9570,10602,1,2,1.0,1,2.0,1.0,1
9571,10622,2,2,,,,2.0,1
9572,10617,1,2,,,,1.0,1
9573,10622,2,2,,,,2.0,1
9574,10602,1,2,1.0,1,2.0,1.0,1
9575,10617,1,2,,,,1.0,1
9576,10592,1,1,3.0,2,2.0,2.0,1
9577,10607,1,2,,,,1.0,1
9578,10592,1,1,3.0,3,1.0,2.0,1
9579,10627,2,2,,,,2.0,1
9580,10617,1,2,,,,1.0,1
9581,10592,1,1,3.0,3,1.0,2.0,1
9582,10592,1,1,3.0,3,1.0,2.0,1
9583,10612,1,2,2.0,1,1.0,1.0,0
9584,10597,1,2,1.0,1,2.0,1.0,1
9585,10592,1,1,3.0,3,1.0,2.0,1
9586,10622,2,2,,,,2.0,1
9587,10622,2,2,,,,2.0,1
9588,10607,1,2,,,,1.0,1
9589,10592,1,1,3.0,3,1.0,2.0,1
9590,10622,2,2,,,,2.0,1
9591,10597,1,2,1.0,1,2.0,1.0,1
9592,10617,1,2,,,,1.0,1
9593,10602,1,2,1.0,1,2.0,1.0,1
9594,10617,1,2,,,,1.0,1
9595,10622,2,2,,,,2.0,1
9596,10592,1,1,3.0,2,2.0,2.0,1
9597,10607,1,2,,,,1.0,1
9598,10627,2,2,,,,2.0,1
9599,10627,2,2,,,,2.0,1
9600,10592,1,1,3.0,4,1.0,1.0,1
9601,10627,2,2,,,,2.0,1
9602,10612,1,2,2.0,1,1.0,1.0,0
9603,10592,1,1,3.0,4,1.0,1.0,1
9604,10592,1,1,3.0,4,1.0,1.0,1
9605,10617,1,2,,,,1.0,1
9606,10602,1,2,1.0,1,2.0,1.0,1
9607,10627,2,2,,,,2.0,1
9608,10592,1,1,3.0,2,2.0,2.0,1
9609,10607,1,2,,,,1.0,1
9610,10592,1,1,3.0,2,2.0,2.0,1
9611,10607,1,2,,,,1.0,1
9612,10607,1,2,,,,1.0,1
9613,10612,1,2,2.0,1,1.0,1.0,0
9614,10592,1,1,3.0,2,2.0,2.0,1
9615,10627,2,2,,,,2.0,1
9616,10612,1,2,2.0,1,1.0,1.0,0
9617,10612,1,2,2.0,1,1.0,1.0,0
9618,10602,1,2,1.0,1,2.0,1.0,1
9619,10617,1,2,,,,1.0,1
9620,10602,1,2,1.0,1,2.0,1.0,1
9621,10612,1,2,2.0,1,1.0,1.0,0
9622,10627,2,2,,,,2.0,1
9623,10612,1,2,2.0,1,1.0,1.0,0
9624,10617,1,2,,,,1.0,1
9625,10602,1,2,1.0,1,2.0,1.0,1
9626,10602,1,2,1.0,1,2.0,1.0,1
9627,10612,1,2,2.0,1,1.0,1.0,0
9628,10597,1,2,1.0,1,2.0,1.0,1
9629,10597,1,2,1.0,1,2.0,1.0,1
9630,10607,1,2,,,,1.0,1
9631,10597,1,2,1.0,1,2.0,1.0,1
9632,10607,1,2,,,,1.0,1
9633,10597,1,2,1.0,1,2.0,1.0,1
9634,10607,1,2,,,,1.0,1
9635,10602,1,2,1.0,1,2.0,1.0,1
9636,10607,1,2,,,,1.0,1
9637,10627,2,2,,,,2.0,1
9638,10612,1,2,2.0,1,1.0,1.0,0
9639,10607,1,2,,,,1.0,1
9640,10622,2,2,,,,2.0,1
9641,10592,1,1,3.0,2,2.0,2.0,1
9642,10617,1,2,,,,1.0,1
9643,10612,1,2,2.0,1,1.0,1.0,0
9644,10617,1,2,,,,1.0,1
9645,10617,1,2,,,,1.0,1
9646,10627,2,2,,,,2.0,1
9647,10597,1,2,1.0,1,2.0,1.0,1
9648,10612,1,2,2.0,1,1.0,1.0,0
9649,10602,1,2,1.0,1,2.0,1.0,1
9650,10607,1,2,,,,1.0,1
9651,10617,1,2,,,,1.0,1
9652,10617,1,2,,,,1.0,1
9653,10622,2,2,,,,2.0,1
9654,10592,1,1,3.0,2,2.0,2.0,1
9655,10612,1,2,2.0,1,1.0,1.0,0
9656,10612,1,2,2.0,1,1.0,1.0,0
9657,10602,1,2,1.0,1,2.0,1.0,1
9658,10617,1,2,,,,1.0,1
9659,10627,2,2,,,,2.0,1
9660,10597,1,2,1.0,1,2.0,1.0,1
9661,10597,1,2,1.0,1,2.0,1.0,1
9662,10597,1,2,1.0,1,2.0,1.0,1
9663,10597,1,2,1.0,1,2.0,1.0,1
9664,10597,1,2,1.0,1,2.0,1.0,1
9665,10617,1,2,,,,1.0,1
9666,10612,1,2,2.0,1,1.0,1.0,0
9667,10597,1,2,1.0,1,2.0,1.0,1
9668,10592,1,1,3.0,2,2.0,2.0,1
9669,10607,1,2,,,,1.0,1
9670,10627,2,2,,,,2.0,1
9671,10627,2,2,,,,2.0,1
9672,10627,2,2,,,,2.0,1
9673,10592,1,1,3.0,2,2.0,2.0,1
9674,10597,1,2,1.0,1,2.0,1.0,1
9675,10597,1,2,1.0,1,2.0,1.0,1
9676,10592,1,1,3.0,2,2.0,2.0,1
9677,10612,1,2,2.0,1,1.0,1.0,0
9678,10612,1,2,2.0,1,1.0,1.0,0
9679,10597,1,2,1.0,1,2.0,1.0,0
9680,10607,1,2,,,,1.0,0
9681,10607,1,2,,,,1.0,0
9682,10597,1,2,1.0,1,2.0,1.0,0
9683,10627,2,2,,,,2.0,0
9684,10597,1,2,1.0,1,2.0,1.0,0
9685,10597,1,2,1.0,1,2.0,1.0,0
9686,10612,1,2,2.0,1,1.0,1.0,0
9687,10622,2,2,,,,2.0,1
9688,10622,2,2,,,,2.0,1
9689,10622,2,2,,,,2.0,1
9690,10622,2,2,,,,2.0,1
9691,10622,2,2,,,,2.0,1
9692,10622,2,2,,,,2.0,1
9693,10622,2,2,,,,2.0,1
9694,10622,2,2,,,,2.0,0
9695,10622,2,2,,,,2.0,0
9696,10627,2,2,,,,2.0,0
9697,10627,2,2,,,,2.0,1
9698,10612,1,2,2.0,1,1.0,1.0,0
9699,10592,1,1,3.0,2,2.0,2.0,1
9700,10592,1,1,3.0,2,2.0,2.0,1
9701,10592,1,1,3.0,2,2.0,2.0,1
9702,10597,1,2,1.0,1,2.0,1.0,1
9703,10627,2,2,,,,2.0,1
9704,10622,2,2,,,,2.0,1
9705,10607,1,2,,,,1.0,1
9706,10597,1,2,1.0,1,2.0,1.0,1
9707,10617,1,2,,,,1.0,1
9708,10617,1,2,,,,1.0,1
9709,10617,1,2,,,,1.0,1
9710,10597,1,2,1.0,1,2.0,1.0,1
9711,10592,1,1,3.0,4,1.0,1.0,1
9712,10592,1,1,3.0,4,1.0,1.0,1
9713,10592,1,1,3.0,4,1.0,1.0,1
9714,10592,1,1,3.0,4,1.0,1.0,1
9715,10592,1,1,3.0,4,1.0,1.0,1
9716,10592,1,1,3.0,4,1.0,1.0,1
9717,10602,1,2,3.0,4,1.0,1.0,0
9718,10612,1,2,3.0,3,1.0,1.0,0
9719,10597,1,2,1.0,1,2.0,,0
9720,10597,2,2,2.0,4,2.0,1.0,0
9721,10597,1,1,1.0,2,1.0,1.0,1
9722,10597,1,1,1.0,4,1.0,2.0,1
9723,10602,1,2,1.0,1,2.0,1.0,0
9724,10592,1,1,3.0,2,2.0,2.0,1
9725,10592,1,1,3.0,3,1.0,2.0,1
9726,10612,1,2,2.0,1,1.0,1.0,0
9727,10612,2,1,1.0,1,2.0,1.0,1
9728,10592,1,2,4.0,"System complexity (hard for front-office secretaries & admins to understand & maneuver), Lack of robustness (inability to handle & process big data instantaneously), Outdated Information Management systems.",1.0,1.0, Yes
9729,10607,1,2,,,,1.0,1
9730,10617,1,2,,,,1.0,1
9731,10622,2,2,,,,2.0,1
9732,10627,2,2,,,,2.0,1
9733,10592,1,1,3.0,2,2.0,2.0,1
9734,10592,1,1,3.0,3,1.0,2.0,1
9735,10592,1,1,3.0,2,2.0,2.0,1
9736,10592,1,1,3.0,3,1.0,2.0,1
9737,10592,1,1,3.0,2,2.0,2.0,1
9738,10592,1,1,3.0,3,1.0,2.0,1
9739,10612,1,2,2.0,1,1.0,1.0,0
9740,10592,1,1,3.0,4,1.0,1.0,1
9741,10597,1,2,1.0,1,2.0,1.0,1
9742,10592,1,1,3.0,2,2.0,2.0,1
9743,10592,1,1,3.0,3,1.0,2.0,1
9744,10617,1,2,,,,1.0,1
9745,10602,1,2,1.0,1,2.0,1.0,1
9746,10602,1,2,1.0,1,2.0,1.0,1
9747,10622,2,2,,,,2.0,1
9748,10617,1,2,,,,1.0,1
9749,10622,2,2,,,,2.0,1
9750,10602,1,2,1.0,1,2.0,1.0,1
9751,10617,1,2,,,,1.0,1
9752,10592,1,1,3.0,2,2.0,2.0,1
9753,10607,1,2,,,,1.0,1
9754,10592,1,1,3.0,3,1.0,2.0,1
9755,10627,2,2,,,,2.0,1
9756,10617,1,2,,,,1.0,1
9757,10592,1,1,3.0,3,1.0,2.0,1
9758,10592,1,1,3.0,3,1.0,2.0,1
9759,10612,1,2,2.0,1,1.0,1.0,0
9760,10597,1,2,1.0,1,2.0,1.0,0
9761,10592,1,1,3.0,3,1.0,2.0,1
9762,10622,2,2,,,,2.0,0
9763,10622,2,2,,,,2.0,0
9764,10607,1,2,,,,1.0,0
9765,10592,1,1,3.0,3,1.0,2.0,1
9766,10622,2,2,,,,2.0,0
9767,10597,1,2,1.0,1,2.0,1.0,0
9768,10617,1,2,,,,1.0,0
9769,10602,1,2,1.0,1,2.0,1.0,0
9770,10617,1,2,,,,1.0,0
9771,10622,2,2,,,,2.0,0
9772,10592,1,1,3.0,2,2.0,2.0,1
9773,10607,1,2,,,,1.0,0
9774,10627,2,2,,,,2.0,0
9775,10627,2,2,,,,2.0,0
9776,10592,1,1,3.0,4,1.0,1.0,1
9777,10627,2,2,,,,2.0,0
9778,10612,1,2,2.0,1,1.0,1.0,0
9779,10592,1,1,3.0,4,1.0,1.0,1
9780,10592,1,1,3.0,4,1.0,1.0,1
9781,10617,1,2,,,,1.0,0
9782,10602,1,2,1.0,1,2.0,1.0,0
9783,10627,2,2,,,,2.0,0
9784,10592,1,1,3.0,2,2.0,2.0,1
9785,10607,1,2,,,,1.0,0
9786,10592,1,1,3.0,2,2.0,2.0,1
9787,10607,1,2,,,,1.0,0
9788,10607,1,2,,,,1.0,0
9789,10612,1,2,2.0,1,1.0,1.0,0
9790,10592,1,1,3.0,2,2.0,2.0,1
9791,10627,2,2,,,,2.0,0
9792,10612,1,2,2.0,1,1.0,1.0,0
9793,10612,1,2,2.0,1,1.0,1.0,0
9794,10602,1,2,1.0,1,2.0,1.0,0
9795,10617,1,2,,,,1.0,0
9796,10602,1,2,1.0,1,2.0,1.0,0
9797,10612,1,2,2.0,1,1.0,1.0,0
9798,10627,2,2,,,,2.0,0
9799,10612,1,2,2.0,1,1.0,1.0,0
9800,10617,1,2,,,,1.0,1
9801,10602,1,2,1.0,1,2.0,1.0,1
9802,10602,1,2,1.0,1,2.0,1.0,1
9803,10612,1,2,2.0,1,1.0,1.0,0
9804,10597,1,2,1.0,1,2.0,1.0,1
9805,10597,1,2,1.0,1,2.0,1.0,1
9806,10607,1,2,,,,1.0,1
9807,10597,1,2,1.0,1,2.0,1.0,1
9808,10607,1,2,,,,1.0,1
9809,10597,1,2,1.0,1,2.0,1.0,1
9810,10607,1,2,,,,1.0,1
9811,10602,1,2,1.0,1,2.0,1.0,1
9812,10607,1,2,,,,1.0,1
9813,10627,2,2,,,,2.0,1
9814,10612,1,2,2.0,1,1.0,1.0,0
9815,10607,1,2,,,,1.0,1
9816,10622,2,2,,,,2.0,1
9817,10592,1,1,3.0,2,2.0,2.0,1
9818,10617,1,2,,,,1.0,1
9819,10612,1,2,2.0,1,1.0,1.0,0
9820,10617,1,2,,,,1.0,1
9821,10617,1,2,,,,1.0,1
9822,10627,2,2,,,,2.0,1
9823,10597,1,2,1.0,1,2.0,1.0,1
9824,10612,1,2,2.0,1,1.0,1.0,0
9825,10602,1,2,1.0,1,2.0,1.0,1
9826,10607,1,2,,,,1.0,1
9827,10617,1,2,,,,1.0,1
9828,10617,1,2,,,,1.0,1
9829,10622,2,2,,,,2.0,1
9830,10592,1,1,3.0,2,2.0,2.0,1
9831,10612,1,2,2.0,1,1.0,1.0,0
9832,10612,1,2,2.0,1,1.0,1.0,0
9833,10602,1,2,1.0,1,2.0,1.0,1
9834,10617,1,2,,,,1.0,1
9835,10627,2,2,,,,2.0,1
9836,10597,1,2,1.0,1,2.0,1.0,1
9837,10597,1,2,1.0,1,2.0,1.0,1
9838,10597,1,2,1.0,1,2.0,1.0,1
9839,10597,1,2,1.0,1,2.0,1.0,1
9840,10597,1,2,1.0,1,2.0,1.0,1
9841,10617,1,2,,,,1.0,1
9842,10612,1,2,2.0,1,1.0,1.0,0
9843,10597,1,2,1.0,1,2.0,1.0,1
9844,10592,1,1,3.0,2,2.0,2.0,1
9845,10607,1,2,,,,1.0,1
9846,10627,2,2,,,,2.0,1
9847,10627,2,2,,,,2.0,1
9848,10627,2,2,,,,2.0,1
9849,10592,1,1,3.0,2,2.0,2.0,1
9850,10597,1,2,1.0,1,2.0,1.0,1
9851,10597,1,2,1.0,1,2.0,1.0,1
9852,10592,1,1,3.0,2,2.0,2.0,1
9853,10612,1,2,2.0,1,1.0,1.0,0
9854,10612,1,2,2.0,1,1.0,1.0,0
9855,10597,1,2,1.0,1,2.0,1.0,1
9856,10607,1,2,,,,1.0,1
9857,10607,1,2,,,,1.0,1
9858,10597,1,2,1.0,1,2.0,1.0,1
9859,10627,2,2,,,,2.0,1
9860,10597,1,2,1.0,1,2.0,1.0,1
9861,10597,1,2,1.0,1,2.0,1.0,1
9862,10612,1,2,2.0,1,1.0,1.0,0
9863,10622,2,2,,,,2.0,1
9864,10622,2,2,,,,2.0,1
9865,10622,2,2,,,,2.0,1
9866,10622,2,2,,,,2.0,1
9867,10622,2,2,,,,2.0,1
9868,10622,2,2,,,,2.0,1
9869,10622,2,2,,,,2.0,1
9870,10622,2,2,,,,2.0,1
9871,10622,2,2,,,,2.0,1
9872,10627,2,2,,,,2.0,1
9873,10627,2,2,,,,2.0,1
9874,10612,1,2,2.0,1,1.0,1.0,0
9875,10592,1,1,3.0,2,2.0,2.0,1
9876,10592,1,1,3.0,2,2.0,2.0,1
9877,10592,1,1,3.0,2,2.0,2.0,1
9878,10597,1,2,1.0,1,2.0,1.0,1
9879,10627,2,2,,,,2.0,1
9880,10622,2,2,,,,2.0,1
9881,10607,1,2,,,,1.0,1
9882,10597,1,2,1.0,1,2.0,1.0,1
9883,10617,1,2,,,,1.0,1
9884,10617,1,2,,,,1.0,1
9885,10617,1,2,,,,1.0,1
9886,10597,1,2,1.0,1,2.0,1.0,1
9887,10592,1,1,3.0,4,1.0,1.0,1
9888,10602,1,2,3.0,4,1.0,1.0,0
9889,10612,1,2,3.0,3,1.0,1.0,0
9890,10597,1,2,1.0,1,2.0,1.0,1
9891,10597,2,2,2.0,4,2.0,1.0,0
9892,10597,1,1,1.0,2,1.0,1.0,1
9893,10597,1,1,1.0,4,1.0,2.0,1
9894,10602,1,2,1.0,1,2.0,1.0,1
9895,10592,1,1,3.0,2,2.0,2.0,1
9896,10592,1,1,3.0,3,1.0,2.0,1
9897,10612,1,2,2.0,1,1.0,1.0,0
9898,10612,2,1,1.0,1,2.0,1.0,1
9899,10592,1,2,4.0,"System complexity (hard for front-office secretaries & admins to understand & maneuver), Lack of robustness (inability to handle & process big data instantaneously), Outdated Information Management systems.",1.0,1.0, Yes
9900,10607,1,2,,,,1.0,1
9901,10617,1,2,,,,1.0,1
9902,10622,2,2,,,,2.0,1
9903,10627,2,2,,,,2.0,1
9904,10592,1,1,3.0,2,2.0,2.0,1
9905,10592,1,1,3.0,3,1.0,2.0,1
9906,10592,1,1,3.0,2,2.0,2.0,1
9907,10592,1,1,3.0,3,1.0,2.0,1
9908,10592,1,1,3.0,2,2.0,2.0,1
9909,10592,1,1,3.0,3,1.0,2.0,1
9910,10612,1,2,2.0,1,1.0,1.0,0
9911,10592,1,1,3.0,4,1.0,1.0,1
9912,10597,1,2,1.0,1,2.0,1.0,0
9913,10592,1,1,3.0,2,2.0,2.0,1
9914,10592,1,1,3.0,3,1.0,2.0,1
9915,10617,1,2,,,,1.0,0
9916,10602,1,2,1.0,1,2.0,1.0,0
9917,10602,1,2,1.0,1,2.0,1.0,0
9918,10622,2,2,,,,2.0,0
9919,10617,1,2,,,,1.0,0
9920,10622,2,2,,,,2.0,0
9921,10602,1,2,1.0,1,2.0,1.0,0
9922,10617,1,2,,,,1.0,0
9923,10592,1,1,3.0,2,2.0,2.0,1
9924,10607,1,2,,,,1.0,0
9925,10592,1,1,3.0,3,1.0,2.0,1
9926,10627,2,2,,,,2.0,0
9927,10617,1,2,,,,1.0,0
9928,10592,1,1,3.0,3,1.0,2.0,1
9929,10592,1,1,3.0,3,1.0,2.0,1
9930,10612,1,2,2.0,1,1.0,1.0,0
9931,10597,1,2,1.0,1,2.0,1.0,0
9932,10592,1,1,3.0,3,1.0,2.0,1
9933,10622,2,2,,,,2.0,0
9934,10622,2,2,,,,2.0,0
9935,10607,1,2,,,,1.0,0
9936,10592,1,1,3.0,3,1.0,2.0,1
9937,10622,2,2,,,,2.0,0
9938,10597,1,2,1.0,1,2.0,1.0,0
9939,10617,1,2,,,,1.0,0
9940,10602,1,2,1.0,1,2.0,1.0,0
9941,10617,1,2,,,,1.0,0
9942,10622,2,2,,,,2.0,0
9943,10592,1,1,3.0,2,2.0,2.0,1
9944,10607,1,2,,,,1.0,0
9945,10627,2,2,,,,2.0,0
9946,10627,2,2,,,,2.0,0
9947,10592,1,1,3.0,4,1.0,1.0,1
9948,10627,2,2,,,,2.0,0
9949,10612,1,2,2.0,1,1.0,1.0,0
9950,10592,1,1,3.0,4,1.0,1.0,1
9951,10592,1,1,3.0,4,1.0,1.0,1
9952,10617,1,2,,,,1.0,0
9953,10602,1,2,1.0,1,2.0,1.0,0
9954,10627,2,2,,,,2.0,0
9955,10592,1,1,3.0,2,2.0,2.0,1
9956,10607,1,2,,,,1.0,0
9957,10592,1,1,3.0,2,2.0,2.0,1
9958,10607,1,2,,,,1.0,0
9959,10607,1,2,,,,1.0,0
9960,10612,1,2,2.0,1,1.0,1.0,0
9961,10592,1,1,3.0,2,2.0,2.0,1
9962,10627,2,2,,,,2.0,0
9963,10612,1,2,2.0,1,1.0,1.0,0
9964,10612,1,2,2.0,1,1.0,1.0,0
9965,10602,1,2,1.0,1,2.0,1.0,0
9966,10617,1,2,,,,1.0,0
9967,10602,1,2,1.0,1,2.0,1.0,0
9968,10612,1,2,2.0,1,1.0,1.0,0
9969,10627,2,2,,,,2.0,0
9970,10612,1,2,2.0,1,1.0,1.0,0
9971,10617,1,2,,,,1.0,0
9972,10602,1,2,1.0,1,2.0,1.0,0
9973,10602,1,2,1.0,1,2.0,1.0,0
9974,10612,1,2,2.0,1,1.0,1.0,0
9975,10597,1,2,1.0,1,2.0,1.0,0
9976,10597,1,2,1.0,1,2.0,1.0,0
9977,10607,1,2,,,,1.0,0
9978,10597,1,2,1.0,1,2.0,1.0,0
9979,10607,1,2,,,,1.0,0
9980,10597,1,2,1.0,1,2.0,1.0,0
9981,10607,1,2,,,,1.0,0
9982,10602,1,2,1.0,1,2.0,1.0,0
9983,10607,1,2,,,,1.0,0
9984,10627,2,2,,,,2.0,0
9985,10612,1,2,2.0,1,1.0,1.0,0
9986,10607,1,2,,,,1.0,0
9987,10622,2,2,,,,2.0,0
9988,10592,1,1,3.0,2,2.0,2.0,1
9989,10617,1,2,,,,1.0,0
9990,10612,1,2,2.0,1,1.0,1.0,0
9991,10617,1,2,,,,1.0,0
9992,10617,1,2,,,,1.0,0
9993,10627,2,2,,,,2.0,0
9994,10597,1,2,1.0,1,2.0,1.0,0
9995,10612,1,2,2.0,1,1.0,1.0,0
9996,10602,1,2,1.0,1,2.0,1.0,0
9997,10607,1,2,,,,1.0,0
9998,10617,1,2,,,,1.0,0
9999,10617,1,2,,,,1.0,0
10000,10622,2,2,,,,2.0,0
10001,10592,1,1,3.0,2,2.0,2.0,1
10002,10612,1,2,2.0,1,1.0,1.0,0
10003,10612,1,2,2.0,1,1.0,1.0,0
10004,10602,1,2,1.0,1,2.0,1.0,0
10005,10617,1,2,,,,1.0,0
10006,10627,2,2,,,,2.0,0
10007,10597,1,2,1.0,1,2.0,1.0,0
10008,10597,1,2,1.0,1,2.0,1.0,0
10009,10597,1,2,1.0,1,2.0,1.0,0
10010,10597,1,2,1.0,1,2.0,1.0,0
10011,10597,1,2,1.0,1,2.0,1.0,0
10012,10617,1,2,,,,1.0,0
10013,10612,1,2,2.0,1,1.0,1.0,0
10014,10597,1,2,1.0,1,2.0,1.0,0
10015,10592,1,1,3.0,2,2.0,2.0,1
10016,10607,1,2,,,,1.0,0
10017,10627,2,2,,,,2.0,0
10018,10627,2,2,,,,2.0,0
10019,10627,2,2,,,,2.0,0
10020,10592,1,1,3.0,2,2.0,2.0,1
10021,10597,1,2,1.0,1,2.0,1.0,0
10022,10597,1,2,1.0,1,2.0,1.0,0
10023,10592,1,1,3.0,2,2.0,2.0,1
10024,10612,1,2,2.0,1,1.0,1.0,0
10025,10612,1,2,2.0,1,1.0,1.0,0
10026,10597,1,2,1.0,1,2.0,1.0,0
10027,10607,1,2,,,,1.0,0
10028,10607,1,2,,,,1.0,0
10029,10597,1,2,1.0,1,2.0,1.0,0
10030,10627,2,2,,,,2.0,0
10031,10597,1,2,1.0,1,2.0,1.0,0
10032,10597,1,2,1.0,1,2.0,1.0,0
10033,10612,1,2,2.0,1,1.0,1.0,0
10034,10622,2,2,,,,2.0,0
10035,10622,2,2,,,,2.0,0
10036,10622,2,2,,,,2.0,0
10037,10622,2,2,,,,2.0,0
10038,10622,2,2,,,,2.0,0
10039,10622,2,2,,,,2.0,0
10040,10622,2,2,,,,2.0,0
10041,10622,2,2,,,,2.0,0
10042,10622,2,2,,,,2.0,0
10043,10627,2,2,,,,2.0,0
10044,10627,2,2,,,,2.0,0
10045,10612,1,2,2.0,1,1.0,1.0,0
10046,10592,1,1,3.0,2,2.0,2.0,1
10047,10592,1,1,3.0,2,2.0,2.0,1
10048,10592,1,1,3.0,2,2.0,2.0,1
10049,10597,1,2,1.0,1,2.0,1.0,0
10050,10627,2,2,,,,2.0,0
10051,10622,2,2,,,,2.0,0
10052,10607,1,2,,,,1.0,0
10053,10597,1,2,1.0,1,2.0,1.0,0
10054,10617,1,2,,,,1.0,0
10055,10617,1,2,,,,1.0,0
10056,10617,1,2,,,,1.0,0
10057,10597,1,2,1.0,1,2.0,1.0,0
10058,10592,1,1,3.0,4,1.0,1.0,1
10059,10602,1,2,3.0,4,1.0,1.0,0
10060,10612,1,2,3.0,3,1.0,1.0,0
10061,10597,1,2,1.0,1,2.0,1.0,0
10062,10597,2,2,2.0,4,2.0,1.0,0
10063,10597,1,1,1.0,2,1.0,1.0,1
10064,10597,1,1,1.0,4,1.0,2.0,1
10065,10602,1,2,1.0,1,2.0,1.0,0
10066,10592,1,1,3.0,2,2.0,2.0,1
10067,10592,1,1,3.0,3,1.0,2.0,1
10068,10612,1,2,2.0,1,1.0,1.0,0
10069,10612,2,1,1.0,1,2.0,1.0,1
10070,10592,1,2,4.0,"System complexity (hard for front-office secretaries & admins to understand & maneuver), Lack of robustness (inability to handle & process big data instantaneously), Outdated Information Management systems.",1.0,1.0, Yes
10071,10607,1,2,,,,1.0,0
10072,10617,1,2,,,,1.0,0
10073,10622,2,2,,,,2.0,0
10074,10627,2,2,,,,2.0,0
10075,10592,1,1,3.0,2,2.0,2.0,1
10076,10592,1,1,3.0,3,1.0,2.0,1
10077,10592,1,1,3.0,2,2.0,2.0,1
10078,10592,1,1,3.0,3,1.0,2.0,1
10079,10592,1,1,3.0,2,2.0,2.0,1
10080,10592,1,1,3.0,3,1.0,2.0,1
10081,10612,1,2,2.0,1,1.0,1.0,0
10082,10592,1,1,3.0,4,1.0,1.0,1
10083,10597,1,2,1.0,1,2.0,1.0,0
10084,10592,1,1,3.0,2,2.0,2.0,1
10085,10592,1,1,3.0,3,1.0,2.0,1
10086,10617,1,2,,,,1.0,0
10087,10602,1,2,1.0,1,2.0,1.0,0
10088,10602,1,2,1.0,1,2.0,1.0,0
10089,10622,2,2,,,,2.0,0
10090,10617,1,2,,,,1.0,0
10091,10622,2,2,,,,2.0,0
10092,10602,1,2,1.0,1,2.0,1.0,0
10093,10617,1,2,,,,1.0,0
10094,10592,1,1,3.0,2,2.0,2.0,1
10095,10607,1,2,,,,1.0,0
10096,10592,1,1,3.0,3,1.0,2.0,1
10097,10627,2,2,,,,2.0,0
10098,10617,1,2,,,,1.0,0
10099,10592,1,1,3.0,3,1.0,2.0,1
10100,10592,1,1,3.0,3,1.0,2.0,1
10101,10612,1,2,2.0,1,1.0,1.0,0
10102,10597,1,2,1.0,1,2.0,1.0,0
10103,10592,1,1,3.0,3,1.0,2.0,1
10104,10622,2,2,,,,2.0,0
10105,10622,2,2,,,,2.0,0
10106,10607,1,2,,,,1.0,0
10107,10592,1,1,3.0,3,1.0,2.0,1
10108,10622,2,2,,,,2.0,0
10109,10597,1,2,1.0,1,2.0,1.0,0
10110,10617,1,2,,,,1.0,0
10111,10602,1,2,1.0,1,2.0,1.0,0
10112,10617,1,2,,,,1.0,0
10113,10622,2,2,,,,2.0,0
10114,10592,1,1,3.0,2,2.0,2.0,1
10115,10607,1,2,,,,1.0,0
10116,10627,2,2,,,,2.0,0
10117,10627,2,2,,,,2.0,0
10118,10592,1,1,3.0,4,1.0,1.0,1
